1,1,1,619,321,1734.00,1558.00,176.00,8.00,14.00,11.00,0.25,0,0,1,7,1,8.00
2,1,2,655,127,1734.00,1558.00,176.00,8.00,15.00,18.00,1.52,0,0,1,1,1,8.00
3,1,3,1176,114,1753.00,1577.00,176.00,2.00,16.00,16.00,0.00,0,1,1,2,1,2.00
4,1,4,1397,102,1768.00,1592.00,176.00,1.00,16.00,10.00,0.00,0,1,1,3,1,5.00
5,1,5,1456,82,1768.00,1592.00,176.00,3.00,16.00,14.00,0.00,0,1,1,4,1,4.00
6,1,6,1456,86,1768.00,1592.00,176.00,2.00,16.00,7.00,1.0e-03,0,1,1,5,1,6.00
7,1,7,1310,146,1768.00,1592.00,176.00,1.00,16.00,11.00,1.0e-03,0,1,1,6,1,8.00
8,1,8,862,66,1768.00,1592.00,176.00,-1.00,12.00,18.00,0.51,0,0,1,7,1,8.00
9,1,9,739,54,1768.00,1592.00,176.00,-1.00,16.00,24.00,0.00,0,0,1,1,1,2.00
10,1,10,1220,41,1768.00,1592.00,176.00,-1.00,16.00,14.00,0.00,0,1,1,2,1,6.00
11,1,11,1166,43,1768.00,1592.00,176.00,-1.00,8.00,7.00,2.79,0,1,1,3,1,9.00
12,1,12,1089,25,1768.00,1592.00,176.00,0.00,16.00,20.00,0.00,0,1,1,4,1,6.00
13,1,13,1310,37,1768.00,1592.00,176.00,0.00,16.00,20.00,0.00,0,1,1,5,1,4.00
14,1,14,1307,53,1768.00,1592.00,176.00,-1.00,16.00,9.00,0.00,0,1,1,6,1,6.00
15,1,15,975,218,1768.00,1592.00,176.00,3.00,16.00,10.00,0.00,0,0,1,7,1,8.00
16,1,16,920,241,1768.00,1592.00,176.00,3.00,16.00,14.00,0.00,0,0,1,1,1,7.00
17,1,17,858,115,1768.00,1592.00,176.00,-1.00,13.00,13.00,6.10,1,0,1,2,1,9.00
18,1,18,650,9,1768.00,1592.00,176.00,1.00,8.00,14.00,4.83,0,1,1,3,1,9.00
19,1,19,1521,76,1768.00,1592.00,176.00,7.00,9.00,14.00,0.51,0,1,1,4,1,7.00
20,1,20,1767,83,1768.00,1592.00,176.00,4.00,16.00,14.00,1.0e-03,0,1,1,5,1,8.00
21,1,21,1411,75,1768.00,1592.00,176.00,-1.00,15.00,23.00,0.25,0,1,1,6,1,6.00
22,1,22,858,93,1768.00,1592.00,176.00,-5.00,16.00,12.00,0.00,0,0,1,7,1,6.00
23,1,23,799,149,1768.00,1592.00,176.00,-4.00,16.00,16.00,0.00,0,0,1,1,1,5.00
24,1,24,1282,84,1768.00,1592.00,176.00,-4.00,16.00,11.00,0.00,0,1,1,2,1,5.00
25,1,25,1753,186,1768.00,1592.00,176.00,3.00,16.00,9.00,0.00,0,1,1,3,1,8.00
26,1,26,455,34,1768.00,1592.00,176.00,2.00,4.00,21.00,38.61,0,1,1,4,1,9.00
27,1,27,402,14,1768.00,1592.00,176.00,1.00,16.00,13.00,0.00,0,1,1,5,1,8.00
28,1,28,1086,37,1768.00,1592.00,176.00,1.00,10.00,10.00,1.78,0,1,1,6,1,9.00
29,1,29,943,119,1768.00,1592.00,176.00,1.00,16.00,9.00,0.00,0,0,1,7,1,6.00
30,1,30,924,140,1768.00,1592.00,176.00,2.00,14.00,5.00,0.00,0,0,1,1,1,7.00
31,1,31,1390,42,1768.00,1592.00,176.00,1.00,16.00,12.00,1.0e-03,0,1,1,2,1,8.00
32,2,1,1262,47,1768.00,1592.00,176.00,1.00,8.00,3.00,2.54,0,1,1,3,1,9.00
33,2,2,1388,72,1768.00,1592.00,176.00,6.00,9.00,17.00,16.76,0,1,1,4,1,7.00
34,2,3,1432,61,1768.00,1592.00,176.00,1.00,16.00,18.00,0.00,0,1,1,5,1,7.00
35,2,4,1558,85,1768.00,1592.00,176.00,2.00,16.00,9.00,0.00,0,1,1,6,1,9.00
36,2,5,846,100,1768.00,1592.00,176.00,3.00,6.00,9.00,3.56,0,0,1,7,1,9.00
37,2,6,1209,350,1768.00,1592.00,176.00,6.00,16.00,9.00,0.00,0,0,1,1,1,5.00
38,2,7,1534,117,1768.00,1592.00,176.00,4.00,15.00,3.00,0.00,0,1,1,2,1,7.00
39,2,8,1393,64,1768.00,1592.00,176.00,1.00,16.00,25.00,0.25,0,1,1,3,1,6.00
40,2,9,1476,53,1768.00,1592.00,176.00,-3.00,13.00,13.00,0.25,0,1,1,4,1,7.00
41,2,10,1430,45,1768.00,1592.00,176.00,-2.00,16.00,15.00,1.0e-03,0,1,1,5,1,4.00
42,2,11,1537,141,1768.00,1592.00,176.00,1.00,16.00,7.00,0.00,0,1,1,6,1,2.00
43,2,12,1154,281,1768.00,1592.00,176.00,2.00,16.00,14.00,0.00,0,0,1,7,1,4.00
44,2,13,1133,393,1768.00,1592.00,176.00,6.00,16.00,18.00,0.00,0,0,1,1,1,7.00
45,2,14,1644,207,1768.00,1592.00,176.00,14.00,16.00,28.00,0.00,0,1,1,2,1,3.00
46,2,15,1596,138,1768.00,1592.00,176.00,4.00,16.00,20.00,0.00,0,1,1,3,1,4.00
47,2,16,1798,215,1768.00,1592.00,176.00,7.00,16.00,17.00,0.00,0,1,1,4,1,5.00
48,2,17,2122,250,1768.00,1592.00,176.00,14.00,16.00,15.00,0.00,0,1,1,5,1,7.00
49,2,18,2250,559,1768.00,1592.00,176.00,18.00,16.00,18.00,0.00,0,1,1,6,1,6.00
50,2,19,1050,522,1768.00,1592.00,176.00,9.00,16.00,34.00,0.00,0,0,1,7,1,2.00
51,2,20,1085,619,1768.00,1592.00,176.00,5.00,16.00,14.00,1.0e-03,0,0,1,1,1,6.00
52,2,21,848,192,1768.00,1592.00,176.00,6.00,13.00,20.00,3.56,1,0,1,2,1,9.00
53,2,22,1284,72,1768.00,1592.00,176.00,0.00,13.00,15.00,1.78,0,1,1,3,1,8.00
54,2,23,1689,137,1768.00,1592.00,176.00,2.00,16.00,6.00,0.00,0,1,1,4,1,3.00
55,2,24,1593,100,1768.00,1592.00,176.00,6.00,16.00,17.00,1.52,0,1,1,5,1,7.00
56,2,25,1282,117,1768.00,1592.00,176.00,11.00,10.00,25.00,6.86,0,1,1,6,1,8.00
57,2,26,1444,419,1768.00,1592.00,176.00,6.00,16.00,13.00,0.00,0,0,1,7,1,6.00
58,2,27,1569,684,1768.00,1592.00,176.00,9.00,16.00,8.00,0.00,0,0,1,1,1,7.00
59,2,28,1229,81,1768.00,1592.00,176.00,14.00,11.00,18.00,16.76,0,1,1,2,1,9.00
60,3,1,1653,132,1768.00,1592.00,176.00,4.00,16.00,14.00,0.00,0,1,1,3,2,2.00
61,3,2,1845,227,1768.00,1592.00,176.00,9.00,16.00,22.00,0.00,0,1,1,4,2,3.00
62,3,3,1500,122,1768.00,1592.00,176.00,1.00,16.00,14.00,0.00,0,1,1,5,2,6.00
63,3,4,1677,205,1768.00,1592.00,176.00,4.00,16.00,13.00,0.00,0,1,1,6,2,8.00
64,3,5,1416,622,1768.00,1592.00,176.00,11.00,16.00,18.00,1.0e-03,0,0,1,7,2,9.00
65,3,6,482,109,1768.00,1592.00,176.00,8.00,10.00,22.00,35.31,0,0,1,1,2,9.00
66,3,7,1573,243,1768.00,1592.00,176.00,5.00,16.00,23.00,0.51,0,1,1,2,2,4.00
67,3,8,1749,310,1768.00,1592.00,176.00,6.00,16.00,8.00,0.00,0,1,1,3,2,6.00
68,3,9,1635,186,1768.00,1592.00,176.00,6.00,16.00,15.00,1.02,0,1,1,4,2,9.00
69,3,10,557,46,1768.00,1592.00,176.00,11.00,10.00,18.00,35.81,0,1,1,5,2,9.00
70,3,11,1662,239,1768.00,1592.00,176.00,7.00,16.00,15.00,0.51,0,1,1,6,2,8.00
71,3,12,1370,708,1768.00,1592.00,176.00,8.00,16.00,14.00,0.00,0,0,1,7,2,3.00
72,3,13,1404,945,1768.00,1592.00,176.00,9.00,16.00,18.00,0.00,0,0,1,1,2,4.00
73,3,14,1623,346,1768.00,1592.00,176.00,7.00,16.00,9.00,0.00,0,1,1,2,2,6.00
74,3,15,1691,285,1768.00,1592.00,176.00,6.00,16.00,13.00,5.84,0,1,1,3,2,8.00
75,3,16,1809,314,1768.00,1592.00,176.00,9.00,14.00,14.00,10.41,0,1,1,4,2,9.00
76,3,17,2232,413,1768.00,1592.00,176.00,12.00,16.00,14.00,0.00,0,1,1,5,2,4.00
77,3,18,2291,861,1768.00,1592.00,176.00,18.00,16.00,15.00,0.00,0,1,1,6,2,7.00
78,3,19,1648,1399,1768.00,1592.00,176.00,14.00,16.00,26.00,0.00,0,0,1,7,2,5.00
79,3,20,1394,1017,1768.00,1592.00,176.00,8.00,16.00,14.00,1.0e-03,0,0,1,1,2,6.00
80,3,21,1608,392,1768.00,1592.00,176.00,14.00,16.00,19.00,4.83,0,1,1,2,2,8.00
81,3,22,2160,436,1768.00,1592.00,176.00,13.00,16.00,15.00,1.0e-03,0,1,1,3,2,8.00
82,3,23,1852,192,1768.00,1592.00,176.00,9.00,14.00,15.00,10.92,0,1,1,4,2,9.00
83,3,24,1637,164,1768.00,1592.00,176.00,5.00,12.00,17.00,1.27,0,1,1,5,2,8.00
84,3,25,1837,294,1768.00,1592.00,176.00,5.00,16.00,16.00,0.00,0,1,1,6,2,6.00
85,3,26,1496,945,1768.00,1592.00,176.00,4.00,16.00,14.00,0.00,0,0,1,7,2,6.00
86,3,27,1202,462,1768.00,1592.00,176.00,4.00,14.00,13.00,0.51,0,0,1,1,2,6.00
87,3,28,1756,219,1768.00,1592.00,176.00,4.00,16.00,15.00,0.00,0,1,1,2,2,5.00
88,3,29,2036,302,1768.00,1592.00,176.00,6.00,16.00,14.00,0.00,0,1,1,3,2,5.00
89,3,30,1310,166,1768.00,1592.00,176.00,6.00,12.00,12.00,3.81,0,1,1,4,2,9.00
90,3,31,1450,179,1768.00,1592.00,176.00,4.00,9.00,14.00,1.02,0,1,1,5,2,9.00
91,4,1,1853,299,1768.00,1592.00,176.00,7.00,14.00,18.00,2.03,0,1,1,6,2,8.00
92,4,2,1335,875,1768.00,1592.00,176.00,7.00,15.00,15.00,1.02,0,0,1,7,2,6.00
93,4,3,1555,1602,1768.00,1592.00,176.00,10.00,16.00,12.00,1.0e-03,0,0,1,1,2,5.00
94,4,4,2297,714,1768.00,1592.00,176.00,19.00,16.00,26.00,0.00,0,1,1,2,2,8.00
95,4,5,1560,161,1768.00,1592.00,176.00,14.00,13.00,25.00,10.67,0,1,1,3,2,8.00
96,4,6,2327,387,1768.00,1592.00,176.00,10.00,16.00,18.00,0.00,0,1,1,4,2,3.00
97,4,7,2476,544,1768.00,1592.00,176.00,14.00,16.00,11.00,0.00,0,1,1,5,2,7.00
98,4,8,1253,166,1768.00,1592.00,176.00,8.00,13.00,15.00,8.89,0,1,1,6,2,9.00
99,4,9,1549,854,1768.00,1592.00,176.00,8.00,14.00,9.00,0.25,0,0,1,7,2,9.00
100,4,10,1671,1142,1768.00,1592.00,176.00,13.00,15.00,11.00,0.00,0,0,1,1,2,8.00
101,4,11,2400,841,1768.00,1592.00,176.00,21.00,16.00,21.00,1.0e-03,0,1,1,2,2,8.00
102,4,12,1710,253,1768.00,1592.00,176.00,17.00,15.00,19.00,4.83,0,1,1,3,2,9.00
103,4,13,1883,208,1768.00,1592.00,176.00,12.00,12.00,16.00,7.87,0,1,1,4,2,9.00
104,4,14,2645,515,1768.00,1592.00,176.00,15.00,16.00,8.00,0.00,0,1,1,5,2,2.00
105,4,15,2396,623,1768.00,1592.00,176.00,14.00,16.00,16.00,0.00,1,0,1,6,2,5.00
106,4,16,660,117,1824.00,1592.00,232.00,13.00,13.00,25.00,15.24,0,0,1,7,2,9.00
107,4,17,2131,1468,1824.00,1592.00,232.00,14.00,16.00,20.00,0.00,0,0,1,1,2,3.00
108,4,18,2618,635,1824.00,1592.00,232.00,17.00,16.00,11.00,0.00,0,1,1,2,2,6.00
109,4,19,2671,388,1824.00,1592.00,232.00,17.00,16.00,10.00,0.25,0,1,1,3,2,8.00
110,4,20,3178,580,1849.00,1617.00,232.00,21.00,15.00,17.00,0.00,0,1,1,4,2,7.00
111,4,21,3305,726,1849.00,1617.00,232.00,14.00,16.00,21.00,0.00,0,1,1,5,2,6.00
112,4,22,1438,171,1849.00,1617.00,232.00,8.00,14.00,14.00,9.14,0,1,1,6,2,8.00
113,4,23,2480,1420,1849.00,1617.00,232.00,14.00,12.00,15.00,1.27,0,0,1,7,2,9.00
114,4,24,2404,1625,1849.00,1617.00,232.00,22.00,13.00,11.00,18.80,0,0,1,1,2,7.00
115,4,25,3152,750,1849.00,1617.00,232.00,22.00,11.00,13.00,1.0e-03,0,1,1,2,2,5.00
116,4,26,3576,650,1849.00,1617.00,232.00,23.00,16.00,22.00,0.00,0,1,1,3,2,6.00
117,4,27,3186,512,1849.00,1617.00,232.00,23.00,16.00,22.00,0.25,0,1,1,4,2,8.00
118,4,28,3323,541,1876.00,1644.00,232.00,21.00,15.00,21.00,0.76,0,1,1,5,2,7.00
119,4,29,3583,836,1895.00,1663.00,232.00,17.00,16.00,16.00,0.00,0,1,1,6,2,5.00
120,4,30,3263,1888,1895.00,1663.00,232.00,16.00,16.00,15.00,0.00,0,0,1,7,2,6.00
121,5,1,2129,1096,1895.00,1663.00,232.00,13.00,16.00,7.00,0.25,0,0,1,1,2,8.00
122,5,2,3407,814,1895.00,1663.00,232.00,19.00,16.00,12.00,1.0e-03,0,1,1,2,2,8.00
123,5,3,3682,588,1895.00,1663.00,232.00,22.00,16.00,23.00,0.51,0,1,1,3,2,8.00
124,5,4,2295,245,1910.00,1678.00,232.00,12.00,14.00,22.00,14.22,0,1,1,4,2,7.00
125,5,5,3660,601,1910.00,1678.00,232.00,14.00,16.00,19.00,0.00,0,1,1,5,2,2.00
126,5,6,3594,872,1910.00,1678.00,232.00,15.00,16.00,15.00,1.0e-03,0,1,1,6,2,6.00
127,5,7,2994,1564,1910.00,1678.00,232.00,17.00,16.00,11.00,1.0e-03,0,0,1,7,2,6.00
128,5,8,2852,1349,1910.00,1678.00,232.00,18.00,16.00,5.00,1.0e-03,0,0,1,1,2,7.00
129,5,9,3508,636,1910.00,1678.00,232.00,17.00,16.00,11.00,0.00,0,1,1,2,2,3.00
130,5,10,3959,663,1910.00,1678.00,232.00,18.00,16.00,9.00,0.00,0,1,1,3,2,6.00
131,5,11,3489,520,1910.00,1678.00,232.00,20.00,16.00,8.00,0.00,0,1,1,4,2,5.00
132,5,12,3992,664,1910.00,1678.00,232.00,18.00,16.00,13.00,0.00,0,1,1,5,2,7.00
133,5,13,3292,678,1952.00,1720.00,232.00,17.00,15.00,12.00,1.0e-03,0,1,1,6,2,9.00
134,5,14,2444,875,1952.00,1720.00,232.00,17.00,11.00,8.00,12.19,0,0,1,7,2,9.00
135,5,15,2884,1517,1952.00,1720.00,232.00,21.00,15.00,10.00,1.0e-03,0,0,1,1,2,8.00
136,5,16,3067,726,1952.00,1720.00,232.00,22.00,14.00,10.00,4.83,0,1,1,2,2,6.00
137,5,17,3322,652,1952.00,1720.00,232.00,20.00,16.00,20.00,0.25,0,1,1,3,2,8.00
138,5,18,3170,513,1952.00,1720.00,232.00,19.00,15.00,13.00,5.08,0,1,1,4,2,8.00
139,5,19,3698,699,1952.00,1720.00,232.00,18.00,15.00,6.00,3.05,0,1,1,5,2,7.00
140,5,20,3875,879,1952.00,1720.00,232.00,18.00,16.00,9.00,1.0e-03,0,1,1,6,2,5.00
141,5,21,3430,2162,1952.00,1720.00,232.00,21.00,16.00,9.00,0.00,0,0,1,7,2,5.00
142,5,22,3015,1501,1952.00,1720.00,232.00,22.00,16.00,10.00,1.0e-03,0,0,1,1,2,7.00
143,5,23,3304,813,1952.00,1720.00,232.00,23.00,13.00,15.00,0.51,0,1,1,2,2,8.00
144,5,24,3682,627,1971.00,1739.00,232.00,25.00,13.00,14.00,0.76,0,1,1,3,2,8.00
145,5,25,4090,691,1971.00,1739.00,232.00,24.00,16.00,10.00,1.0e-03,0,1,1,4,2,6.00
146,5,26,3748,713,1971.00,1739.00,232.00,27.00,14.00,14.00,0.00,0,1,1,5,2,4.00
147,5,27,3674,833,1971.00,1739.00,232.00,25.00,16.00,17.00,1.52,0,1,1,6,2,7.00
148,5,28,2674,1917,1971.00,1739.00,232.00,24.00,16.00,15.00,1.0e-03,0,0,1,7,2,6.00
149,5,29,2382,2291,1971.00,1739.00,232.00,24.00,16.00,15.00,0.00,0,0,1,1,2,7.00
150,5,30,2473,1442,1971.00,1739.00,232.00,29.00,14.00,9.00,0.00,1,0,1,2,2,2.00
151,5,31,3183,651,1971.00,1739.00,232.00,30.00,14.00,7.00,0.00,0,1,1,3,2,3.00
152,6,1,3307,504,1971.00,1739.00,232.00,31.00,11.00,14.00,4.06,0,1,1,4,3,6.00
153,6,2,4024,709,1971.00,1739.00,232.00,26.00,16.00,20.00,0.00,0,1,1,5,3,2.00
154,6,3,4241,874,1971.00,1739.00,232.00,22.00,16.00,16.00,0.00,0,1,1,6,3,4.00
155,6,4,3388,1778,1971.00,1739.00,232.00,23.00,16.00,8.00,0.00,0,0,1,7,3,6.00
156,6,5,3149,1605,1971.00,1739.00,232.00,24.00,16.00,10.00,1.0e-03,0,0,1,1,3,7.00
157,6,6,3699,636,1971.00,1739.00,232.00,25.00,15.00,8.00,0.00,0,1,1,2,3,4.00
158,6,7,3896,709,1971.00,1739.00,232.00,26.00,16.00,13.00,0.00,0,1,1,3,3,7.00
159,6,8,3561,635,1971.00,1739.00,232.00,30.00,14.00,9.00,0.00,0,1,1,4,3,4.00
160,6,9,3229,533,1971.00,1739.00,232.00,33.00,13.00,11.00,1.0e-03,0,1,1,5,3,4.00
161,6,10,3640,791,1971.00,1739.00,232.00,29.00,14.00,9.00,1.02,0,1,1,6,3,6.00
162,6,11,3122,1664,1971.00,1739.00,232.00,29.00,15.00,12.00,1.0e-03,0,0,1,7,3,7.00
163,6,12,2911,1407,1971.00,1739.00,232.00,27.00,15.00,11.00,1.78,0,0,1,1,3,6.00
164,6,13,3978,813,1971.00,1739.00,232.00,23.00,16.00,21.00,0.00,0,1,1,2,3,5.00
165,6,14,4013,687,1971.00,1739.00,232.00,22.00,16.00,19.00,1.0e-03,0,1,1,3,3,5.00
166,6,15,4257,731,1971.00,1739.00,232.00,22.00,16.00,12.00,0.00,0,1,1,4,3,4.00
167,6,16,3092,521,1971.00,1739.00,232.00,24.00,14.00,14.00,21.08,0,1,1,5,3,8.00
168,6,17,3841,831,1971.00,1739.00,232.00,24.00,14.00,10.00,5.08,0,1,1,6,3,6.00
169,6,18,3210,1719,1971.00,1739.00,232.00,26.00,16.00,8.00,1.0e-03,0,0,1,7,3,7.00
170,6,19,3024,1539,1971.00,1739.00,232.00,27.00,16.00,8.00,0.25,0,0,1,1,3,8.00
171,6,20,3184,660,1971.00,1739.00,232.00,23.00,14.00,10.00,8.64,0,1,1,2,3,8.00
172,6,21,3869,743,1971.00,1739.00,232.00,26.00,16.00,12.00,0.25,0,1,1,3,3,8.00
173,6,22,3688,638,1971.00,1739.00,232.00,28.00,16.00,12.00,1.0e-03,0,1,1,4,3,8.00
174,6,23,3886,703,1971.00,1739.00,232.00,27.00,16.00,15.00,1.0e-03,0,1,1,5,3,8.00
175,6,24,3890,918,1971.00,1739.00,232.00,28.00,16.00,14.00,0.00,0,1,1,6,3,6.00
176,6,25,3300,1704,1982.00,1750.00,232.00,26.00,16.00,14.00,0.00,0,0,1,7,3,7.00
177,6,26,3289,1844,1982.00,1750.00,232.00,25.00,16.00,8.00,0.25,0,0,1,1,3,7.00
178,6,27,3682,825,1982.00,1750.00,232.00,25.00,16.00,7.00,0.25,0,1,1,2,3,8.00
179,6,28,3766,702,1982.00,1750.00,232.00,29.00,15.00,11.00,1.0e-03,0,1,1,3,3,7.00
180,6,29,4206,808,1982.00,1750.00,232.00,28.00,16.00,17.00,0.00,0,1,1,4,3,4.00
181,6,30,4335,993,1982.00,1750.00,232.00,26.00,16.00,12.00,0.00,0,1,1,5,3,3.00
182,7,1,3952,1201,1982.00,1750.00,232.00,27.00,16.00,9.00,0.00,0,1,1,6,3,3.00
183,7,2,2830,2126,1982.00,1750.00,232.00,28.00,16.00,8.00,0.00,0,0,1,7,3,4.00
184,7,3,2310,2208,1982.00,1750.00,232.00,28.00,13.00,11.00,22.10,0,0,1,1,3,8.00
185,7,4,2873,2923,1982.00,1750.00,232.00,28.00,16.00,6.00,1.0e-03,1,0,1,2,3,7.00
186,7,5,3479,1000,1982.00,1750.00,232.00,28.00,16.00,9.00,1.0e-03,0,1,1,3,3,5.00
187,7,6,3689,756,1982.00,1750.00,232.00,27.00,14.00,10.00,1.78,0,1,1,4,3,7.00
188,7,7,3677,734,1982.00,1750.00,232.00,29.00,14.00,11.00,0.00,0,1,1,5,3,5.00
189,7,8,3266,677,1982.00,1750.00,232.00,27.00,13.00,13.00,15.24,0,1,1,6,3,8.00
190,7,9,3271,1903,1982.00,1750.00,232.00,28.00,15.00,12.00,0.00,0,0,1,7,3,4.00
191,7,10,3062,1689,1982.00,1750.00,232.00,28.00,16.00,12.00,0.00,0,0,1,1,3,3.00
192,7,11,3223,678,1982.00,1750.00,232.00,30.00,15.00,18.00,0.00,0,1,1,2,3,5.00
193,7,12,3427,644,1982.00,1750.00,232.00,31.00,16.00,14.00,0.00,0,1,1,3,3,5.00
194,7,13,3448,707,1982.00,1750.00,232.00,29.00,12.00,11.00,26.67,0,1,1,4,3,7.00
195,7,14,4020,850,1982.00,1750.00,232.00,25.00,16.00,16.00,0.00,0,1,1,5,3,4.00
196,7,15,4076,1267,1982.00,1750.00,232.00,24.00,16.00,12.00,0.00,0,1,1,6,3,5.00
197,7,16,3439,2286,1982.00,1750.00,232.00,25.00,16.00,14.00,0.00,0,0,1,7,3,2.00
198,7,17,3232,1907,1982.00,1750.00,232.00,27.00,16.00,16.00,0.00,0,0,1,1,3,3.00
199,7,18,3429,815,1982.00,1750.00,232.00,28.00,16.00,14.00,0.00,0,1,1,2,3,5.00
200,7,19,3613,718,1982.00,1750.00,232.00,31.00,14.00,9.00,6.10,0,1,1,3,3,8.00
201,7,20,3513,625,1982.00,1750.00,232.00,30.00,14.00,8.00,0.00,0,1,1,4,3,4.00
202,7,21,3001,613,1982.00,1750.00,232.00,32.00,10.00,15.00,0.00,0,1,1,5,3,2.00
203,7,22,2713,545,1982.00,1750.00,232.00,34.00,14.00,9.00,1.0e-03,0,1,1,6,3,4.00
204,7,23,2225,957,1982.00,1750.00,232.00,34.00,16.00,10.00,0.00,0,0,1,7,3,6.00
205,7,24,2501,1010,1982.00,1750.00,232.00,33.00,14.00,11.00,0.00,0,0,1,1,3,7.00
206,7,25,3141,533,1982.00,1750.00,232.00,30.00,12.00,7.00,5.08,0,1,1,2,3,8.00
207,7,26,3677,708,1982.00,1750.00,232.00,30.00,16.00,14.00,0.00,0,1,1,3,3,3.00
208,7,27,3758,710,1997.00,1765.00,232.00,30.00,16.00,13.00,0.00,0,1,1,4,3,5.00
209,7,28,3612,574,1997.00,1765.00,232.00,31.00,16.00,12.00,0.00,0,1,1,5,3,6.00
210,7,29,3020,640,1997.00,1765.00,232.00,33.00,15.00,12.00,0.00,0,1,1,6,3,4.00
211,7,30,2846,1499,1997.00,1765.00,232.00,32.00,16.00,11.00,0.00,0,0,1,7,3,4.00
212,7,31,2692,1464,1997.00,1765.00,232.00,32.00,16.00,11.00,0.00,0,0,1,1,3,4.00
213,8,1,3388,710,1997.00,1765.00,232.00,31.00,16.00,11.00,0.00,0,1,1,2,3,5.00
214,8,2,3864,792,1997.00,1765.00,232.00,30.00,16.00,14.00,0.00,0,1,1,3,3,5.00
215,8,3,2961,459,1997.00,1765.00,232.00,28.00,13.00,9.00,7.11,0,1,1,4,3,9.00
216,8,4,3599,776,1997.00,1765.00,232.00,28.00,12.00,14.00,0.25,0,1,1,5,3,8.00
217,8,5,3696,991,1997.00,1765.00,232.00,27.00,16.00,12.00,0.00,0,1,1,6,3,5.00
218,8,6,2722,1464,1997.00,1765.00,232.00,29.00,16.00,16.00,1.02,0,0,1,7,3,8.00
219,8,7,2406,1247,1997.00,1765.00,232.00,31.00,12.00,12.00,17.02,0,0,1,1,3,7.00
220,8,8,3303,817,1997.00,1765.00,232.00,29.00,16.00,13.00,0.00,0,1,1,2,3,5.00
221,8,9,3547,877,1997.00,1765.00,232.00,30.00,15.00,10.00,0.00,0,1,1,3,3,6.00
222,8,10,3719,834,1997.00,1765.00,232.00,29.00,16.00,14.00,0.00,0,1,1,4,3,4.00
223,8,11,3817,763,1997.00,1765.00,232.00,27.00,16.00,11.00,0.00,0,1,1,5,3,5.00
224,8,12,3698,996,1997.00,1765.00,232.00,27.00,16.00,9.00,0.00,0,1,1,6,3,4.00
225,8,13,2588,1446,1997.00,1765.00,232.00,27.00,14.00,15.00,10.41,0,0,1,7,3,8.00
226,8,14,2419,1266,1997.00,1765.00,232.00,25.00,14.00,14.00,34.80,0,0,1,1,3,9.00
227,8,15,3391,748,1997.00,1765.00,232.00,25.00,16.00,13.00,1.0e-03,0,1,1,2,3,7.00
228,8,16,3839,686,1997.00,1765.00,232.00,27.00,16.00,16.00,0.00,0,1,1,3,3,4.00
229,8,17,3857,639,1997.00,1765.00,232.00,27.00,16.00,10.00,0.00,0,1,1,4,3,4.00
230,8,18,3017,614,1997.00,1765.00,232.00,28.00,16.00,16.00,1.0e-03,0,1,1,5,3,7.00
231,8,19,3221,779,1997.00,1765.00,232.00,26.00,12.00,8.00,40.89,0,1,1,6,3,7.00
232,8,20,3188,1862,1997.00,1765.00,232.00,26.00,15.00,8.00,0.00,0,0,1,7,3,4.00
233,8,21,2550,1187,1997.00,1765.00,232.00,28.00,14.00,16.00,6.86,0,0,1,1,3,7.00
234,8,22,3734,782,1997.00,1765.00,232.00,25.00,16.00,19.00,1.0e-03,0,1,1,2,3,5.00
235,8,23,4409,1228,1997.00,1765.00,232.00,22.00,16.00,10.00,0.00,0,1,1,3,3,5.00
236,8,24,4009,922,1997.00,1765.00,232.00,24.00,16.00,17.00,0.00,0,1,1,4,3,5.00
237,8,25,2978,420,1997.00,1765.00,232.00,26.00,13.00,16.00,10.67,0,1,1,5,3,7.00
238,8,26,3738,742,1997.00,1765.00,232.00,27.00,16.00,6.00,0.25,0,1,1,6,3,6.00
239,8,27,875,220,1997.00,1765.00,232.00,24.00,10.00,35.00,84.58,0,0,1,7,3,9.00
240,8,28,2822,1348,1997.00,1765.00,232.00,26.00,14.00,26.00,12.70,0,0,1,1,3,6.00
241,8,29,3739,697,1997.00,1765.00,232.00,23.00,16.00,11.00,0.00,0,1,1,2,3,6.00
242,8,30,4248,736,1997.00,1765.00,232.00,23.00,16.00,8.00,0.00,0,1,1,3,3,2.00
243,8,31,4168,665,1997.00,1765.00,232.00,23.00,16.00,5.00,0.00,0,1,1,4,3,5.00
244,9,1,4158,744,1997.00,1765.00,232.00,23.00,16.00,10.00,1.0e-03,0,1,1,5,4,5.00
245,9,2,3710,832,1997.00,1765.00,232.00,23.00,15.00,9.00,4.06,0,1,1,6,4,8.00
246,9,3,2491,1877,1997.00,1765.00,232.00,24.00,16.00,13.00,1.0e-03,0,0,1,7,4,7.00
247,9,4,2367,2463,1997.00,1765.00,232.00,27.00,15.00,14.00,0.00,0,0,1,1,4,7.00
248,9,5,2048,1181,1997.00,1765.00,232.00,24.00,11.00,14.00,34.54,1,0,1,2,4,9.00
249,9,6,2410,200,1997.00,1765.00,232.00,19.00,12.00,22.00,22.86,0,1,1,3,4,9.00
250,9,7,1802,116,1997.00,1765.00,232.00,21.00,7.00,7.00,71.63,0,1,1,4,4,9.00
251,9,8,1615,152,1997.00,1765.00,232.00,24.00,11.00,13.00,35.31,0,1,1,5,4,9.00
252,9,9,3036,410,1997.00,1765.00,232.00,25.00,12.00,8.00,11.68,0,1,1,6,4,8.00
253,9,10,3517,1687,1997.00,1765.00,232.00,24.00,14.00,10.00,0.00,0,0,1,7,4,3.00
254,9,11,3321,1564,1997.00,1765.00,232.00,24.00,15.00,8.00,0.51,0,0,1,1,4,5.00
255,9,12,3843,664,1997.00,1765.00,232.00,23.00,16.00,6.00,0.00,0,1,1,2,4,4.00
256,9,13,3874,674,1997.00,1765.00,232.00,23.00,16.00,9.00,0.00,0,1,1,3,4,2.00
257,9,14,3954,610,1997.00,1765.00,232.00,26.00,15.00,11.00,0.00,0,1,1,4,4,4.00
258,9,15,3081,398,2008.00,1765.00,243.00,19.00,16.00,18.00,0.76,0,1,1,5,4,7.00
259,9,16,3856,708,2008.00,1765.00,243.00,14.00,16.00,11.00,0.00,0,1,1,6,4,7.00
260,9,17,3000,1411,2008.00,1765.00,243.00,16.00,16.00,13.00,1.0e-03,0,0,1,7,4,8.00
261,9,18,2861,1313,2008.00,1765.00,243.00,17.00,16.00,12.00,0.00,0,0,1,1,4,7.00
262,9,19,3710,669,2008.00,1765.00,243.00,18.00,16.00,10.00,0.00,0,1,1,2,4,9.00
263,9,20,3049,427,2008.00,1765.00,243.00,20.00,15.00,9.00,4.06,0,1,1,3,4,8.00
264,9,21,3667,511,2008.00,1765.00,243.00,21.00,12.00,6.00,0.51,0,1,1,4,4,9.00
265,9,22,4089,525,2008.00,1765.00,243.00,23.00,12.00,9.00,1.0e-03,0,1,1,5,4,9.00
266,9,23,2086,256,2008.00,1765.00,243.00,21.00,9.00,5.00,24.64,0,1,1,6,4,9.00
267,9,24,3551,1736,2008.00,1765.00,243.00,22.00,16.00,5.00,0.00,0,0,1,7,4,8.00
268,9,25,3400,1495,2008.00,1765.00,243.00,23.00,12.00,4.00,1.78,0,0,1,1,4,8.00
269,9,26,3791,641,2008.00,1765.00,243.00,24.00,16.00,7.00,0.00,0,1,1,2,4,8.00
270,9,27,3488,456,2008.00,1765.00,243.00,23.00,15.00,7.00,0.25,0,1,1,3,4,8.00
271,9,28,3291,452,2008.00,1765.00,243.00,23.00,14.00,9.00,11.94,0,1,1,4,4,8.00
272,9,29,4048,630,2008.00,1765.00,243.00,21.00,15.00,11.00,0.00,0,1,1,5,4,6.00
273,9,30,4246,810,2008.00,1765.00,243.00,21.00,16.00,14.00,0.00,0,1,1,6,4,5.00
274,10,1,1899,470,2008.00,1765.00,243.00,13.00,15.00,20.00,7.37,0,0,1,7,4,9.00
275,10,2,2250,604,2008.00,1765.00,243.00,9.00,15.00,14.00,4.57,0,0,1,1,4,9.00
276,10,3,3117,310,2008.00,1765.00,243.00,10.00,16.00,6.00,1.0e-03,0,1,1,2,4,8.00
277,10,4,3805,462,2008.00,1765.00,243.00,18.00,16.00,13.00,1.0e-03,0,1,1,3,4,5.00
278,10,5,4081,534,2008.00,1765.00,243.00,18.00,16.00,13.00,0.00,0,1,1,4,4,1.00
279,10,6,3976,603,2008.00,1765.00,243.00,16.00,16.00,9.00,0.00,0,1,1,5,4,2.00
280,10,7,3890,885,2008.00,1765.00,243.00,17.00,16.00,2.00,0.00,0,1,1,6,4,1.00
281,10,8,3109,2173,2008.00,1765.00,243.00,18.00,16.00,3.00,0.00,0,0,1,7,4,1.00
282,10,9,3066,2280,2008.00,1765.00,243.00,19.00,16.00,4.00,0.00,0,0,1,1,4,4.00
283,10,10,3515,1448,2008.00,1765.00,243.00,21.00,15.00,3.00,0.00,1,0,1,2,4,8.00
284,10,11,3729,634,2008.00,1765.00,243.00,19.00,16.00,10.00,1.0e-03,0,1,1,3,4,9.00
285,10,12,2109,210,2008.00,1765.00,243.00,18.00,10.00,17.00,11.18,0,1,1,4,4,9.00
286,10,13,2521,286,2008.00,1765.00,243.00,22.00,10.00,10.00,18.29,0,1,1,5,4,9.00
287,10,14,3006,519,2008.00,1765.00,243.00,18.00,14.00,15.00,6.35,0,1,1,6,4,7.00
288,10,15,3226,1839,2008.00,1765.00,243.00,16.00,16.00,18.00,0.00,0,0,1,7,4,2.00
289,10,16,3214,1642,2008.00,1765.00,243.00,16.00,16.00,19.00,0.00,0,0,1,1,4,3.00
290,10,17,3728,679,2008.00,1765.00,243.00,17.00,16.00,11.00,0.00,0,1,1,2,4,6.00
291,10,18,3942,602,2008.00,1765.00,243.00,18.00,16.00,8.00,0.00,0,1,1,3,4,8.00
292,10,19,2100,249,2008.00,1765.00,243.00,19.00,10.00,17.00,12.70,0,1,1,4,4,9.00
293,10,20,3570,448,2008.00,1765.00,243.00,16.00,16.00,28.00,1.0e-03,0,1,1,5,4,6.00
294,10,21,3503,652,2008.00,1765.00,243.00,13.00,16.00,14.00,0.00,0,1,1,6,4,5.00
295,10,22,2762,1446,2008.00,1765.00,243.00,13.00,16.00,6.00,0.00,0,0,1,7,4,4.00
296,10,23,2693,1546,2008.00,1765.00,243.00,12.00,15.00,7.00,0.00,0,0,1,1,4,4.00
297,10,24,3366,677,2008.00,1765.00,243.00,14.00,14.00,9.00,3.30,0,1,1,2,4,6.00
298,10,25,3845,654,2008.00,1765.00,243.00,15.00,16.00,12.00,0.00,0,1,1,3,4,3.00
299,10,26,3352,383,2008.00,1765.00,243.00,16.00,16.00,10.00,0.25,0,1,1,4,4,8.00
300,10,27,2318,236,2008.00,1765.00,243.00,13.00,15.00,14.00,3.30,0,1,1,5,4,9.00
301,10,28,3151,440,2008.00,1765.00,243.00,8.00,16.00,15.00,2.03,0,1,1,6,4,7.00
302,10,29,554,55,2008.00,1765.00,243.00,3.00,10.00,24.00,29.97,0,0,1,7,4,9.00
303,10,30,2398,832,2008.00,1765.00,243.00,7.00,16.00,10.00,0.00,0,0,1,1,4,3.00
304,10,31,3196,355,2008.00,1765.00,243.00,8.00,16.00,7.00,1.0e-03,0,1,1,2,4,7.00
305,11,1,3519,403,2008.00,1765.00,243.00,12.00,16.00,9.00,0.00,0,1,1,3,4,5.00
306,11,2,3654,357,2008.00,1765.00,243.00,11.00,15.00,6.00,0.00,0,1,1,4,4,3.00
307,11,3,3510,301,2008.00,1765.00,243.00,12.00,16.00,9.00,0.00,0,1,1,5,4,6.00
308,11,4,3434,454,2008.00,1765.00,243.00,11.00,15.00,19.00,0.00,0,1,1,6,4,6.00
309,11,5,2706,1124,2008.00,1765.00,243.00,8.00,16.00,12.00,0.00,0,0,1,7,4,1.00
310,11,6,2630,914,2008.00,1765.00,243.00,9.00,16.00,6.00,0.00,0,0,1,1,4,3.00
311,11,7,3523,362,2008.00,1765.00,243.00,12.00,14.00,4.00,0.00,0,1,1,2,4,1.00
312,11,8,3673,366,2008.00,1765.00,243.00,13.00,15.00,5.00,0.00,0,1,1,3,4,1.00
313,11,9,3665,291,2008.00,1765.00,243.00,12.00,15.00,4.00,0.00,0,1,1,4,4,3.00
314,11,10,2632,187,2023.00,1765.00,258.00,12.00,9.00,13.00,1.52,0,1,1,5,4,8.00
315,11,11,2853,425,2038.00,1765.00,273.00,7.00,16.00,21.00,0.00,1,0,1,6,4,3.00
316,11,12,2720,1251,2038.00,1765.00,273.00,9.00,16.00,14.00,0.00,0,0,1,7,4,3.00
317,11,13,2657,977,2038.00,1765.00,273.00,12.00,16.00,19.00,0.00,0,0,1,1,4,7.00
318,11,14,3736,584,2038.00,1765.00,273.00,18.00,16.00,21.00,0.00,0,1,1,2,4,7.00
319,11,15,3627,443,2038.00,1765.00,273.00,17.00,16.00,12.00,1.0e-03,0,1,1,3,4,9.00
320,11,16,1618,145,2038.00,1765.00,273.00,13.00,8.00,10.00,13.72,0,1,1,4,4,9.00
321,11,17,2819,131,2038.00,1765.00,273.00,8.00,16.00,20.00,0.25,0,1,1,5,4,7.00
322,11,18,3048,237,2080.00,1807.00,273.00,5.00,16.00,12.00,0.00,0,1,1,6,4,1.00
323,11,19,2658,908,2113.00,1840.00,273.00,8.00,16.00,16.00,0.00,0,0,1,7,4,5.00
324,11,20,2665,736,2113.00,1840.00,273.00,14.00,16.00,12.00,0.51,0,0,1,1,4,9.00
325,11,21,2462,216,2113.00,1840.00,273.00,14.00,7.00,9.00,1.78,0,1,1,2,4,9.00
326,11,22,1493,69,2144.00,1840.00,304.00,13.00,5.00,8.00,13.97,0,1,1,3,4,9.00
327,11,23,2372,111,2144.00,1840.00,304.00,13.00,14.00,22.00,7.11,0,1,1,4,4,8.00
328,11,24,905,534,2144.00,1840.00,304.00,10.00,16.00,11.00,0.00,1,0,1,5,4,2.00
329,11,25,1646,1068,2144.00,1840.00,304.00,11.00,16.00,7.00,0.00,0,1,1,6,4,2.00
330,11,26,1771,1207,2144.00,1840.00,304.00,10.00,16.00,4.00,0.00,0,0,1,7,4,8.00
331,11,27,2203,751,2144.00,1840.00,304.00,15.00,16.00,14.00,0.00,0,0,1,1,4,7.00
332,11,28,3487,251,2144.00,1840.00,304.00,16.00,16.00,9.00,0.00,0,1,1,2,4,8.00
333,11,29,2706,94,2174.00,1870.00,304.00,14.00,14.00,19.00,10.41,0,1,1,3,4,8.00
334,11,30,3316,185,2193.00,1889.00,304.00,8.00,16.00,18.00,0.00,0,1,1,4,4,5.00
335,12,1,3438,180,2223.00,1908.00,315.00,7.00,16.00,14.00,0.00,0,1,1,5,1,1.00
336,12,2,3544,252,2223.00,1908.00,315.00,7.00,16.00,7.00,0.00,0,1,1,6,1,2.00
337,12,3,2817,696,2223.00,1908.00,315.00,6.00,16.00,6.00,0.00,0,0,1,7,1,5.00
338,12,4,2782,601,2223.00,1908.00,315.00,8.00,16.00,6.00,0.00,0,0,1,1,1,5.00
339,12,5,3465,226,2223.00,1908.00,315.00,11.00,15.00,5.00,0.00,0,1,1,2,1,8.00
340,12,6,2387,121,2253.00,1938.00,315.00,14.00,12.00,15.00,6.10,0,1,1,3,1,9.00
341,12,7,639,50,2272.00,1957.00,315.00,9.00,6.00,15.00,78.74,0,1,1,4,1,9.00
342,12,8,3068,147,2272.00,1957.00,315.00,4.00,16.00,15.00,0.00,0,1,1,5,1,4.00
343,12,9,3267,260,2272.00,1957.00,315.00,6.00,16.00,6.00,0.00,0,1,1,6,1,5.00
344,12,10,2635,491,2272.00,1957.00,315.00,4.00,16.00,16.00,0.00,0,0,1,7,1,5.00
345,12,11,2319,366,2272.00,1957.00,315.00,2.00,16.00,4.00,0.00,0,0,1,1,1,1.00
346,12,12,3076,141,2314.00,1999.00,315.00,3.00,16.00,4.00,0.00,0,1,1,2,1,6.00
347,12,13,3253,148,2333.00,2018.00,315.00,5.00,16.00,9.00,0.00,0,1,1,3,1,4.00
348,12,14,3435,176,2333.00,2018.00,315.00,7.00,16.00,5.00,1.0e-03,0,1,1,4,1,8.00
349,12,15,3399,176,2333.00,2018.00,315.00,12.00,16.00,19.00,0.25,0,1,1,5,1,8.00
350,12,16,3292,175,2333.00,2018.00,315.00,12.00,16.00,17.00,0.00,0,1,1,6,1,8.00
351,12,17,2401,268,2333.00,2018.00,315.00,3.00,16.00,16.00,1.0e-03,0,0,1,7,1,6.00
352,12,18,2184,218,2333.00,2018.00,315.00,3.00,16.00,11.00,0.00,0,0,1,1,1,6.00
353,12,19,3045,251,2333.00,2018.00,315.00,5.00,16.00,12.00,0.00,0,1,1,2,1,5.00
354,12,20,3439,208,2367.00,2052.00,315.00,11.00,16.00,4.00,0.00,0,1,1,3,1,8.00
355,12,21,2467,104,2401.00,2086.00,315.00,12.00,13.00,14.00,3.05,0,1,1,4,1,9.00
356,12,22,2776,227,2431.00,2116.00,315.00,12.00,12.00,4.00,13.46,0,1,1,5,1,8.00
357,12,23,1987,153,2431.00,2116.00,315.00,9.00,13.00,18.00,7.37,0,1,1,6,1,7.00
358,12,24,839,153,2431.00,2116.00,315.00,5.00,16.00,13.00,1.0e-03,0,0,1,7,1,5.00
359,12,25,440,292,2431.00,2116.00,315.00,5.00,16.00,10.00,0.00,0,0,1,1,1,3.00
360,12,26,872,420,2431.00,2116.00,315.00,7.00,16.00,16.00,0.00,1,0,1,2,1,5.00
361,12,27,1036,97,2431.00,2116.00,315.00,8.00,10.00,11.00,15.49,0,1,1,3,1,8.00
362,12,28,2005,249,2431.00,2116.00,315.00,6.00,16.00,19.00,0.00,0,1,1,4,1,4.00
363,12,29,2108,252,2431.00,2116.00,315.00,3.00,16.00,8.00,0.00,0,1,1,5,1,6.00
364,12,30,2448,479,2431.00,2116.00,315.00,7.00,16.00,8.00,0.00,0,1,1,6,1,6.00
365,12,31,1773,653,2431.00,2116.00,315.00,12.00,16.00,14.00,1.0e-03,0,0,1,7,1,6.00
366,1,1,1567,646,2431.00,2116.00,315.00,9.00,16.00,14.00,0.25,0,0,2,1,1,5.00
367,1,2,1654,235,2431.00,2116.00,315.00,5.00,16.00,22.00,0.00,1,0,2,2,1,5.00
368,1,3,2058,87,2431.00,2116.00,315.00,-2.00,16.00,25.00,1.0e-03,0,1,2,3,1,5.00
369,1,4,2201,95,2431.00,2116.00,315.00,-3.00,16.00,12.00,0.00,0,1,2,4,1,7.00
370,1,5,3025,138,2431.00,2116.00,315.00,4.00,16.00,8.00,0.00,0,1,2,5,1,6.00
371,1,6,3662,304,2431.00,2116.00,315.00,9.00,16.00,12.00,0.00,0,1,2,6,1,5.00
372,1,7,3372,1048,2431.00,2116.00,315.00,11.00,16.00,12.00,0.00,0,0,2,7,1,4.00
373,1,8,2775,578,2431.00,2116.00,315.00,7.00,16.00,13.00,0.00,0,0,2,1,1,7.00
374,1,9,2192,105,2431.00,2116.00,315.00,3.00,9.00,6.00,4.06,0,1,2,2,1,9.00
375,1,10,3285,171,2431.00,2116.00,315.00,6.00,11.00,11.00,0.00,0,1,2,3,1,5.00
376,1,11,2018,90,2431.00,2116.00,315.00,5.00,10.00,10.00,12.95,0,1,2,4,1,8.00
377,1,12,3718,258,2431.00,2116.00,315.00,11.00,15.00,13.00,6.10,0,1,2,5,1,7.00
378,1,13,2955,171,2431.00,2116.00,315.00,4.00,16.00,24.00,1.27,0,1,2,6,1,5.00
379,1,14,2099,331,2431.00,2116.00,315.00,1.00,16.00,14.00,0.00,0,0,2,7,1,5.00
380,1,15,1992,275,2431.00,2116.00,315.00,0.00,16.00,16.00,0.00,0,0,2,1,1,3.00
381,1,16,2029,214,2431.00,2116.00,315.00,1.00,16.00,17.00,0.76,1,0,2,2,1,6.00
382,1,17,2715,124,2431.00,2116.00,315.00,10.00,15.00,22.00,6.60,0,1,2,3,1,8.00
383,1,18,3181,107,2431.00,2116.00,315.00,6.00,16.00,27.00,0.00,0,1,2,4,1,4.00
384,1,19,3064,129,2431.00,2116.00,315.00,1.00,16.00,15.00,0.00,0,1,2,5,1,4.00
385,1,20,2951,114,2431.00,2116.00,315.00,1.00,12.00,13.00,1.27,0,1,2,6,1,8.00
386,1,21,1218,67,2431.00,2116.00,315.00,-1.00,11.00,15.00,5.84,0,0,2,7,1,9.00
387,1,22,1758,194,2431.00,2116.00,315.00,-1.00,14.00,13.00,1.0e-03,0,0,2,1,1,9.00
388,1,23,2224,145,2431.00,2116.00,315.00,3.00,4.00,8.00,0.76,0,1,2,2,1,9.00
389,1,24,3752,433,2431.00,2116.00,315.00,8.00,15.00,8.00,0.00,0,1,2,3,1,6.00
390,1,25,3666,459,2431.00,2116.00,315.00,6.00,16.00,10.00,0.00,0,1,2,4,1,6.00
391,1,26,3717,234,2431.00,2116.00,315.00,9.00,14.00,6.00,1.0e-03,0,1,2,5,1,9.00
392,1,27,3093,265,2470.00,2155.00,315.00,11.00,13.00,22.00,16.00,0,1,2,6,1,7.00
393,1,28,3189,746,2470.00,2155.00,315.00,7.00,16.00,13.00,0.00,0,0,2,7,1,3.00
394,1,29,2629,544,2470.00,2155.00,315.00,5.00,16.00,17.00,0.00,0,0,2,1,1,4.00
395,1,30,3387,126,2470.00,2155.00,315.00,5.00,16.00,14.00,0.00,0,1,2,2,1,4.00
396,1,31,4040,316,2470.00,2155.00,315.00,12.00,16.00,18.00,0.00,0,1,2,3,1,4.00
397,2,1,4136,294,2470.00,2155.00,315.00,16.00,16.00,12.00,0.51,0,1,2,4,1,7.00
398,2,2,3465,185,2470.00,2155.00,315.00,10.00,14.00,14.00,2.29,0,1,2,5,1,7.00
399,2,3,3722,303,2470.00,2155.00,315.00,7.00,16.00,11.00,0.00,0,1,2,6,1,2.00
400,2,4,2392,381,2470.00,2155.00,315.00,5.00,13.00,8.00,2.03,0,0,2,7,1,8.00
401,2,5,2564,316,2470.00,2155.00,315.00,4.00,15.00,12.00,1.0e-03,0,0,2,1,1,6.00
402,2,6,3468,203,2470.00,2155.00,315.00,5.00,16.00,9.00,0.00,0,1,2,2,1,2.00
403,2,7,4041,189,2470.00,2155.00,315.00,9.00,16.00,11.00,0.00,0,1,2,3,1,3.00
404,2,8,2596,109,2484.00,2169.00,315.00,4.00,12.00,9.00,2.79,0,1,2,4,1,8.00
405,2,9,3557,159,2484.00,2169.00,315.00,4.00,16.00,13.00,0.00,0,1,2,5,1,5.00
406,2,10,3498,219,2522.00,2207.00,315.00,4.00,16.00,8.00,1.0e-03,0,1,2,6,1,8.00
407,2,11,1959,192,2522.00,2207.00,315.00,1.00,11.00,22.00,2.54,0,0,2,7,1,9.00
408,2,12,1432,71,2522.00,2207.00,315.00,-2.00,14.00,27.00,0.25,0,0,2,1,1,6.00
409,2,13,3219,87,2537.00,2222.00,315.00,3.00,16.00,10.00,0.00,0,1,2,2,1,3.00
410,2,14,3657,133,2537.00,2222.00,315.00,8.00,16.00,9.00,0.00,0,1,2,3,1,8.00
411,2,15,3878,138,2537.00,2222.00,315.00,9.00,16.00,13.00,0.00,0,1,2,4,1,5.00
412,2,16,2847,73,2537.00,2222.00,315.00,7.00,14.00,6.00,2.29,0,1,2,5,1,9.00
413,2,17,3680,334,2567.00,2222.00,345.00,8.00,8.00,15.00,0.00,0,1,2,6,1,6.00
414,2,18,2790,1389,2567.00,2222.00,345.00,8.00,16.00,14.00,0.00,0,0,2,7,1,5.00
415,2,19,2019,603,2567.00,2222.00,345.00,4.00,15.00,15.00,2.03,0,0,2,1,1,9.00
416,2,20,2549,477,2567.00,2222.00,345.00,6.00,16.00,15.00,0.00,1,0,2,2,1,4.00
417,2,21,3472,159,2567.00,2222.00,345.00,5.00,16.00,14.00,0.00,0,1,2,3,1,6.00
418,2,22,4241,384,2582.00,2222.00,360.00,12.00,16.00,16.00,0.00,0,1,2,4,1,7.00
419,2,23,4386,489,2582.00,2222.00,360.00,14.00,16.00,12.00,1.0e-03,0,1,2,5,1,5.00
420,2,24,3137,239,2605.00,2245.00,360.00,11.00,11.00,16.00,8.13,0,1,2,6,1,8.00
421,2,25,2351,313,2605.00,2245.00,360.00,5.00,14.00,29.00,1.0e-03,0,0,2,7,1,5.00
422,2,26,2798,492,2605.00,2245.00,360.00,6.00,16.00,14.00,0.00,0,0,2,1,1,2.00
423,2,27,3903,249,2605.00,2245.00,360.00,10.00,16.00,18.00,0.00,0,1,2,2,1,4.00
424,2,28,3971,224,2605.00,2245.00,360.00,9.00,16.00,13.00,0.00,0,1,2,3,1,4.00
425,2,29,1702,65,2605.00,2245.00,360.00,9.00,11.00,12.00,36.58,0,1,2,4,1,9.00
426,3,1,4475,318,2605.00,2245.00,360.00,14.00,12.00,16.00,1.27,0,1,2,5,2,3.00
427,3,2,2832,239,2605.00,2245.00,360.00,9.00,12.00,9.00,8.64,0,1,2,6,2,7.00
428,3,3,3044,921,2605.00,2245.00,360.00,13.00,13.00,13.00,4.06,0,0,2,7,2,8.00
429,3,4,2666,692,2605.00,2245.00,360.00,7.00,16.00,22.00,0.00,0,0,2,1,2,6.00
430,3,5,3008,200,2605.00,2245.00,360.00,4.00,16.00,16.00,1.0e-03,0,1,2,2,2,5.00
431,3,6,3583,214,2605.00,2245.00,360.00,4.00,16.00,14.00,0.00,0,1,2,3,2,2.00
432,3,7,4305,409,2605.00,2245.00,360.00,12.00,16.00,24.00,0.00,0,1,2,4,2,5.00
433,3,8,4700,463,2605.00,2245.00,360.00,18.00,16.00,30.00,1.0e-03,0,1,2,5,2,7.00
434,3,9,3976,435,2605.00,2245.00,360.00,12.00,16.00,27.00,0.25,0,1,2,6,2,6.00
435,3,10,3051,931,2605.00,2245.00,360.00,6.00,16.00,14.00,0.00,0,0,2,7,2,2.00
436,3,11,3160,1587,2605.00,2245.00,360.00,9.00,16.00,15.00,0.00,0,0,2,1,2,2.00
437,3,12,4290,806,2605.00,2245.00,360.00,15.00,16.00,14.00,0.00,0,1,2,2,2,7.00
438,3,13,4868,725,2605.00,2245.00,360.00,21.00,16.00,15.00,0.25,0,1,2,3,2,6.00
439,3,14,5108,941,2605.00,2245.00,360.00,20.00,16.00,8.00,0.00,0,1,2,4,2,3.00
440,3,15,4983,953,2605.00,2245.00,360.00,20.00,16.00,11.00,1.0e-03,0,1,2,5,2,6.00
441,3,16,3705,532,2651.00,2291.00,360.00,13.00,8.00,7.00,0.51,0,1,2,6,2,8.00
442,3,17,4559,3045,2651.00,2291.00,360.00,18.00,10.00,7.00,0.00,0,0,2,7,2,3.00
443,3,18,3571,2142,2651.00,2291.00,360.00,16.00,14.00,8.00,0.00,0,0,2,1,2,7.00
444,3,19,4971,956,2651.00,2291.00,360.00,19.00,16.00,11.00,0.25,0,1,2,2,2,6.00
445,3,20,4873,1010,2651.00,2291.00,360.00,19.00,14.00,7.00,2.79,0,1,2,3,2,7.00
446,3,21,4917,1080,2651.00,2291.00,360.00,18.00,9.00,6.00,1.0e-03,0,1,2,4,2,7.00
447,3,22,5328,1289,2651.00,2291.00,360.00,21.00,8.00,7.00,1.0e-03,0,1,2,5,2,7.00
448,3,23,5680,2412,2651.00,2291.00,360.00,22.00,12.00,8.00,0.00,0,1,2,6,2,5.00
449,3,24,2296,1016,2651.00,2291.00,360.00,17.00,8.00,12.00,2.29,0,0,2,7,2,9.00
450,3,25,3359,1487,2651.00,2291.00,360.00,14.00,14.00,15.00,5.08,0,0,2,1,2,8.00
451,3,26,4570,779,2651.00,2291.00,360.00,11.00,16.00,28.00,0.00,0,1,2,2,2,2.00
452,3,27,4385,505,2651.00,2291.00,360.00,7.00,16.00,12.00,0.00,0,1,2,3,2,2.00
453,3,28,4827,649,2651.00,2291.00,360.00,15.00,16.00,19.00,0.25,0,1,2,4,2,6.00
454,3,29,5108,802,2651.00,2291.00,360.00,16.00,16.00,22.00,0.00,0,1,2,5,2,3.00
455,3,30,4510,780,2651.00,2291.00,360.00,9.00,16.00,9.00,1.0e-03,0,1,2,6,2,5.00
456,3,31,3848,2241,2651.00,2291.00,360.00,13.00,16.00,17.00,0.00,0,0,2,7,2,8.00
457,4,1,3591,2294,2651.00,2291.00,360.00,13.00,16.00,11.00,1.78,0,0,2,1,2,8.00
458,4,2,4563,1190,2674.00,2314.00,360.00,13.00,15.00,20.00,2.03,0,1,2,2,2,3.00
459,4,3,5193,1330,2674.00,2314.00,360.00,14.00,16.00,6.00,0.00,0,1,2,3,2,3.00
460,4,4,5203,1040,2674.00,2314.00,360.00,18.00,16.00,13.00,0.00,0,1,2,4,2,7.00
461,4,5,5092,1171,2674.00,2314.00,360.00,13.00,16.00,13.00,0.00,0,1,2,5,2,5.00
462,4,6,4529,1748,2674.00,2314.00,360.00,11.00,16.00,21.00,0.00,0,1,2,6,2,2.00
463,4,7,3521,3151,2674.00,2314.00,360.00,12.00,16.00,18.00,0.00,0,0,2,7,2,1.00
464,4,8,2836,2105,2674.00,2314.00,360.00,16.00,16.00,15.00,0.00,0,0,2,1,2,4.00
465,4,9,4489,869,2674.00,2314.00,360.00,16.00,16.00,24.00,1.0e-03,0,1,2,2,2,5.00
466,4,10,4903,796,2674.00,2314.00,360.00,14.00,16.00,17.00,0.00,0,1,2,3,2,3.00
467,4,11,4194,472,2674.00,2314.00,360.00,9.00,16.00,19.00,0.25,0,1,2,4,2,6.00
468,4,12,4584,655,2674.00,2314.00,360.00,12.00,16.00,19.00,0.00,0,1,2,5,2,4.00
469,4,13,4969,1214,2674.00,2314.00,360.00,13.00,16.00,10.00,0.00,0,1,2,6,2,4.00
470,4,14,4550,2710,2674.00,2314.00,360.00,16.00,16.00,13.00,0.00,0,0,2,7,2,7.00
471,4,15,4165,2677,2674.00,2314.00,360.00,22.00,16.00,16.00,0.00,0,0,2,1,2,7.00
472,4,16,4970,1174,2674.00,2314.00,360.00,24.00,16.00,18.00,0.00,1,0,2,2,2,4.00
473,4,17,5478,950,2674.00,2314.00,360.00,21.00,16.00,18.00,1.0e-03,0,1,2,3,2,5.00
474,4,18,3872,332,2674.00,2314.00,360.00,14.00,16.00,11.00,1.27,0,1,2,4,2,9.00
475,4,19,5502,818,2674.00,2314.00,360.00,16.00,15.00,5.00,1.0e-03,0,1,2,5,2,5.00
476,4,20,5720,1290,2674.00,2314.00,360.00,18.00,16.00,10.00,0.00,0,1,2,6,2,4.00
477,4,21,3980,2415,2674.00,2314.00,360.00,21.00,15.00,20.00,4.06,0,0,2,7,2,7.00
478,4,22,882,119,2674.00,2314.00,360.00,11.00,12.00,24.00,32.26,0,0,2,1,2,9.00
479,4,23,2923,195,2711.00,2314.00,397.00,8.00,14.00,19.00,2.54,0,1,2,2,2,9.00
480,4,24,4889,503,2711.00,2314.00,397.00,12.00,16.00,16.00,0.00,0,1,2,3,2,6.00
481,4,25,5343,622,2748.00,2314.00,434.00,14.00,16.00,9.00,0.00,0,1,2,4,2,5.00
482,4,26,4369,462,2748.00,2314.00,434.00,16.00,16.00,14.00,0.76,0,1,2,5,2,8.00
483,4,27,4999,998,2781.00,2314.00,467.00,13.00,16.00,22.00,0.00,0,1,2,6,2,4.00
484,4,28,3007,1095,2781.00,2314.00,467.00,11.00,16.00,8.00,3.05,0,0,2,7,2,8.00
485,4,29,3896,2087,2781.00,2314.00,467.00,15.00,14.00,7.00,0.76,0,0,2,1,2,7.00
486,4,30,4685,636,2826.00,2314.00,512.00,15.00,16.00,11.00,0.00,0,1,2,2,2,8.00
487,5,1,4877,606,2826.00,2314.00,512.00,22.00,15.00,10.00,3.81,0,1,2,3,2,8.00
488,5,2,5255,631,2864.00,2352.00,512.00,19.00,13.00,10.00,0.51,0,1,2,4,2,8.00
489,5,3,5414,722,2864.00,2352.00,512.00,21.00,15.00,10.00,1.0e-03,0,1,2,5,2,8.00
490,5,4,5029,1012,2864.00,2352.00,512.00,24.00,15.00,8.00,3.05,0,1,2,6,2,7.00
491,5,5,4224,2400,2864.00,2352.00,512.00,23.00,15.00,7.00,1.0e-03,0,0,2,7,2,7.00
492,5,6,4052,2030,2864.00,2352.00,512.00,19.00,15.00,10.00,1.0e-03,0,0,2,1,2,8.00
493,5,7,5040,963,2864.00,2352.00,512.00,18.00,16.00,16.00,0.00,0,1,2,2,2,8.00
494,5,8,4752,712,2864.00,2352.00,512.00,20.00,16.00,20.00,0.76,0,1,2,3,2,9.00
495,5,9,3905,598,2864.00,2352.00,512.00,19.00,13.00,13.00,14.73,0,1,2,4,2,9.00
496,5,10,5293,991,2864.00,2352.00,512.00,17.00,16.00,21.00,0.00,0,1,2,5,2,4.00
497,5,11,5467,1276,2864.00,2352.00,512.00,17.00,16.00,15.00,0.00,0,1,2,6,2,1.00
498,5,12,4612,2465,2864.00,2352.00,512.00,18.00,16.00,9.00,0.00,0,0,2,7,2,6.00
499,5,13,3758,2015,2864.00,2352.00,512.00,22.00,16.00,16.00,0.00,0,0,2,1,2,8.00
500,5,14,2390,331,2864.00,2352.00,512.00,20.00,12.00,13.00,6.10,0,1,2,2,2,9.00
501,5,15,4311,609,2864.00,2352.00,512.00,23.00,13.00,9.00,30.99,0,1,2,3,2,8.00
502,5,16,6104,948,2864.00,2352.00,512.00,23.00,16.00,10.00,0.00,0,1,2,4,2,7.00
503,5,17,5814,1186,2875.00,2352.00,523.00,21.00,16.00,15.00,0.00,0,1,2,5,2,4.00
504,5,18,5819,1436,2875.00,2352.00,523.00,19.00,16.00,9.00,0.00,0,1,2,6,2,5.00
505,5,19,4691,3214,2875.00,2352.00,523.00,21.00,16.00,6.00,0.00,0,0,2,7,2,6.00
506,5,20,4253,2537,2875.00,2352.00,523.00,21.00,16.00,18.00,0.25,0,0,2,1,2,6.00
507,5,21,3562,608,2875.00,2352.00,523.00,22.00,12.00,14.00,0.76,0,1,2,2,2,9.00
508,5,22,4977,783,2875.00,2352.00,523.00,23.00,15.00,8.00,0.25,0,1,2,3,2,8.00
509,5,23,4295,745,2875.00,2352.00,523.00,23.00,14.00,7.00,7.87,0,1,2,4,2,9.00
510,5,24,5409,1028,2875.00,2352.00,523.00,24.00,13.00,12.00,1.0e-03,0,1,2,5,2,7.00
511,5,25,5062,1380,2875.00,2352.00,523.00,26.00,16.00,10.00,1.0e-03,0,1,2,6,2,6.00
512,5,26,3468,2722,2875.00,2352.00,523.00,26.00,16.00,13.00,0.00,0,0,2,7,2,6.00
513,5,27,3136,3174,2875.00,2352.00,523.00,26.00,16.00,14.00,1.27,0,0,2,1,2,5.00
514,5,28,3313,2405,2875.00,2352.00,523.00,27.00,16.00,13.00,0.00,1,0,2,2,2,5.00
515,5,29,4612,848,2886.00,2352.00,534.00,27.00,14.00,19.00,12.95,0,1,2,3,2,5.00
516,5,30,5773,709,2886.00,2352.00,534.00,24.00,16.00,9.00,1.0e-03,0,1,2,4,2,7.00
517,5,31,5895,1065,2886.00,2352.00,534.00,25.00,16.00,13.00,0.00,0,1,2,5,2,3.00
518,6,1,3404,516,2886.00,2352.00,534.00,23.00,11.00,14.00,30.99,0,1,2,6,3,9.00
519,6,2,5032,2661,2886.00,2352.00,534.00,20.00,16.00,13.00,0.00,0,0,2,7,3,5.00
520,6,3,4878,2325,2886.00,2352.00,534.00,21.00,16.00,12.00,1.0e-03,0,0,2,1,3,5.00
521,6,4,5537,1015,2886.00,2352.00,534.00,21.00,16.00,21.00,0.00,0,1,2,2,3,6.00
522,6,5,5692,917,2886.00,2352.00,534.00,18.00,16.00,13.00,1.0e-03,0,1,2,3,3,8.00
523,6,6,5652,955,2886.00,2352.00,534.00,19.00,16.00,6.00,0.76,0,1,2,4,3,7.00
524,6,7,6082,1013,2886.00,2352.00,534.00,22.00,16.00,12.00,0.00,0,1,2,5,3,4.00
525,6,8,5875,1446,2886.00,2352.00,534.00,23.00,16.00,11.00,0.00,0,1,2,6,3,4.00
526,6,9,4536,2564,2886.00,2352.00,534.00,26.00,16.00,10.00,0.00,0,0,2,7,3,4.00
527,6,10,4113,2078,2886.00,2352.00,534.00,27.00,16.00,9.00,0.00,0,0,2,1,3,3.00
528,6,11,5288,971,2886.00,2352.00,534.00,27.00,16.00,14.00,0.00,0,1,2,2,3,7.00
529,6,12,4182,459,2886.00,2352.00,534.00,23.00,14.00,14.00,6.60,0,1,2,3,3,9.00
530,6,13,5893,1112,2886.00,2352.00,534.00,24.00,16.00,24.00,0.00,0,1,2,4,3,7.00
531,6,14,5812,1138,2886.00,2352.00,534.00,24.00,16.00,16.00,0.00,0,1,2,5,3,7.00
532,6,15,5767,1508,2886.00,2352.00,534.00,23.00,16.00,11.00,0.00,0,1,2,6,3,5.00
533,6,16,4510,2810,2886.00,2352.00,534.00,23.00,16.00,12.00,0.00,0,0,2,7,3,7.00
534,6,17,4091,2472,2886.00,2352.00,534.00,21.00,16.00,11.00,0.00,0,0,2,1,3,6.00
535,6,18,4189,626,2886.00,2352.00,534.00,19.00,15.00,12.00,7.11,0,1,2,2,3,9.00
536,6,19,5523,917,2886.00,2352.00,534.00,26.00,16.00,10.00,0.00,0,1,2,3,3,6.00
537,6,20,5010,834,2886.00,2352.00,534.00,30.00,14.00,7.00,0.00,0,1,2,4,3,5.00
538,6,21,4806,749,2886.00,2352.00,534.00,32.00,14.00,8.00,0.00,0,1,2,5,3,4.00
539,6,22,4568,937,2886.00,2352.00,534.00,30.00,15.00,11.00,1.0e-03,0,1,2,6,3,8.00
540,6,23,4550,2537,2886.00,2352.00,534.00,28.00,15.00,12.00,0.00,0,0,2,7,3,6.00
541,6,24,4108,2444,2886.00,2352.00,534.00,28.00,16.00,10.00,0.00,0,0,2,1,3,6.00
542,6,25,5292,1087,2924.00,2390.00,534.00,26.00,16.00,20.00,1.0e-03,0,1,2,2,3,5.00
543,6,26,6017,1020,2924.00,2390.00,534.00,22.00,16.00,22.00,0.00,0,1,2,3,3,3.00
544,6,27,5864,1013,2966.00,2432.00,534.00,26.00,16.00,18.00,0.00,0,1,2,4,3,3.00
545,6,28,5613,885,2966.00,2432.00,534.00,28.00,16.00,12.00,0.00,0,1,2,5,3,3.00
546,6,29,4377,792,2966.00,2432.00,534.00,31.00,13.00,14.00,14.99,0,1,2,6,3,7.00
547,6,30,3990,1361,2966.00,2432.00,534.00,29.00,16.00,9.00,1.0e-03,0,0,2,7,3,5.00
548,7,1,3874,1343,2966.00,2432.00,534.00,31.00,16.00,11.00,0.00,0,0,2,1,3,5.00
549,7,2,5002,873,2985.00,2451.00,534.00,31.00,16.00,13.00,0.00,0,1,2,2,3,6.00
550,7,3,5264,1003,2985.00,2451.00,534.00,31.00,16.00,8.00,0.51,0,1,2,3,3,7.00
551,7,4,4562,2373,2985.00,2451.00,534.00,31.00,16.00,11.00,1.0e-03,1,0,2,4,3,6.00
552,7,5,4530,1349,2985.00,2451.00,534.00,32.00,16.00,13.00,0.00,0,1,2,5,3,7.00
553,7,6,4539,1309,3000.00,2466.00,534.00,33.00,16.00,10.00,0.00,0,1,2,6,3,4.00
554,7,7,3180,1393,3000.00,2466.00,534.00,34.00,15.00,11.00,0.00,0,0,2,7,3,6.00
555,7,8,3260,1153,3000.00,2466.00,534.00,32.00,15.00,9.00,17.53,0,0,2,1,3,7.00
556,7,9,5213,956,3000.00,2466.00,534.00,27.00,14.00,12.00,6.60,0,1,2,2,3,9.00
557,7,10,4984,926,3000.00,2466.00,534.00,27.00,14.00,11.00,15.24,0,1,2,3,3,8.00
558,7,11,5915,943,3018.00,2484.00,534.00,27.00,16.00,10.00,0.00,0,1,2,4,3,8.00
559,7,12,6008,991,3033.00,2499.00,534.00,27.00,16.00,10.00,0.00,0,1,2,5,3,7.00
560,7,13,5630,1475,3033.00,2499.00,534.00,28.00,16.00,6.00,1.0e-03,0,1,2,6,3,9.00
561,7,14,4337,2246,3033.00,2499.00,534.00,27.00,16.00,9.00,2.03,0,0,2,7,3,8.00
562,7,15,3860,1839,3033.00,2499.00,534.00,30.00,16.00,11.00,0.51,0,0,2,1,3,8.00
563,7,16,5419,1035,3048.00,2514.00,534.00,30.00,16.00,10.00,0.51,0,1,2,2,3,6.00
564,7,17,5533,870,3059.00,2514.00,545.00,32.00,16.00,9.00,1.0e-03,0,1,2,3,3,7.00
565,7,18,4621,769,3059.00,2514.00,545.00,33.00,16.00,11.00,0.00,0,1,2,4,3,7.00
566,7,19,5342,844,3059.00,2514.00,545.00,29.00,15.00,11.00,10.67,0,1,2,5,3,7.00
567,7,20,4824,726,3059.00,2514.00,545.00,24.00,15.00,14.00,4.83,0,1,2,6,3,9.00
568,7,21,3059,1236,3059.00,2514.00,545.00,21.00,11.00,14.00,5.33,0,0,2,7,3,9.00
569,7,22,4629,2427,3059.00,2514.00,545.00,24.00,16.00,7.00,0.00,0,0,2,1,3,8.00
570,7,23,5486,1087,3059.00,2514.00,545.00,28.00,15.00,10.00,1.0e-03,0,1,2,2,3,7.00
571,7,24,6092,1100,3059.00,2514.00,545.00,29.00,16.00,15.00,1.0e-03,0,1,2,3,3,6.00
572,7,25,6395,1295,3059.00,2514.00,545.00,27.00,16.00,12.00,0.00,0,1,2,4,3,3.00
573,7,26,5454,991,3059.00,2514.00,545.00,31.00,15.00,17.00,1.0e-03,0,1,2,5,3,5.00
574,7,27,5310,1217,3059.00,2514.00,545.00,30.00,16.00,11.00,0.00,0,1,2,6,3,6.00
575,7,28,4198,2147,3059.00,2514.00,545.00,30.00,15.00,11.00,6.86,0,0,2,7,3,5.00
576,7,29,4216,2070,3059.00,2514.00,545.00,27.00,16.00,12.00,0.00,0,0,2,1,3,4.00
577,7,30,5715,1002,3059.00,2514.00,545.00,28.00,15.00,10.00,0.00,0,1,2,2,3,6.00
578,7,31,5848,930,3059.00,2514.00,545.00,28.00,16.00,10.00,0.76,0,1,2,3,3,6.00
579,8,1,6119,1045,3059.00,2514.00,545.00,28.00,16.00,9.00,1.0e-03,0,1,2,4,3,7.00
580,8,2,5888,963,3059.00,2514.00,545.00,30.00,16.00,9.00,0.00,0,1,2,5,3,4.00
581,8,3,5450,1289,3059.00,2514.00,545.00,30.00,16.00,14.00,0.00,0,1,2,6,3,7.00
582,8,4,4220,2262,3059.00,2514.00,545.00,31.00,16.00,17.00,0.00,0,0,2,7,3,4.00
583,8,5,3543,1663,3059.00,2514.00,545.00,31.00,16.00,19.00,0.76,0,0,2,1,3,6.00
584,8,6,5402,1203,3059.00,2514.00,545.00,30.00,16.00,10.00,0.51,0,1,2,2,3,8.00
585,8,7,5626,1243,3059.00,2514.00,545.00,29.00,14.00,7.00,1.0e-03,0,1,2,3,3,8.00
586,8,8,5904,1212,3059.00,2514.00,545.00,29.00,16.00,8.00,1.0e-03,0,1,2,4,3,8.00
587,8,9,5723,1151,3059.00,2514.00,545.00,30.00,14.00,12.00,0.00,0,1,2,5,3,6.00
588,8,10,4444,1024,3059.00,2514.00,545.00,27.00,14.00,16.00,14.99,0,1,2,6,3,8.00
589,8,11,3835,2153,3059.00,2514.00,545.00,27.00,15.00,13.00,2.54,0,0,2,7,3,8.00
590,8,12,4157,2085,3059.00,2514.00,545.00,27.00,16.00,8.00,0.00,0,0,2,1,3,7.00
591,8,13,5341,1156,3059.00,2514.00,545.00,27.00,16.00,9.00,1.0e-03,0,1,2,2,3,7.00
592,8,14,5332,1099,3059.00,2514.00,545.00,27.00,15.00,11.00,5.08,0,1,2,3,3,8.00
593,8,15,5797,1160,3059.00,2514.00,545.00,27.00,16.00,11.00,0.00,0,1,2,4,3,7.00
594,8,16,5881,1291,3059.00,2514.00,545.00,27.00,16.00,10.00,0.00,0,1,2,5,3,2.00
595,8,17,5351,1445,3059.00,2514.00,545.00,28.00,15.00,15.00,0.25,0,1,2,6,3,6.00
596,8,18,4789,2676,3059.00,2514.00,545.00,26.00,15.00,12.00,4.06,0,0,2,7,3,6.00
597,8,19,3147,1164,3059.00,2514.00,545.00,23.00,14.00,6.00,9.14,0,0,2,1,3,9.00
598,8,20,5210,981,3059.00,2514.00,545.00,24.00,16.00,9.00,1.0e-03,0,1,2,2,3,8.00
599,8,21,5549,1051,3059.00,2514.00,545.00,24.00,12.00,5.00,14.99,0,1,2,3,3,7.00
600,8,22,5926,1061,3059.00,2514.00,545.00,25.00,15.00,5.00,8.89,0,1,2,4,3,6.00
601,8,23,6035,1330,3059.00,2514.00,545.00,27.00,14.00,6.00,0.00,0,1,2,5,3,7.00
602,8,24,5885,1287,3059.00,2514.00,545.00,27.00,16.00,5.00,0.00,0,1,2,6,3,9.00
603,8,25,3984,1776,3059.00,2514.00,545.00,25.00,16.00,17.00,1.52,0,0,2,7,3,9.00
604,8,26,3535,1425,3059.00,2514.00,545.00,26.00,15.00,13.00,7.11,0,0,2,1,3,8.00
605,8,27,5529,948,3108.00,2514.00,594.00,27.00,16.00,9.00,0.00,0,1,2,2,3,6.00
606,8,28,5738,905,3108.00,2514.00,594.00,28.00,16.00,12.00,0.76,0,1,2,3,3,5.00
607,8,29,6093,1153,3108.00,2514.00,594.00,26.00,16.00,8.00,0.00,0,1,2,4,3,3.00
608,8,30,6141,1120,3108.00,2514.00,594.00,26.00,16.00,6.00,0.00,0,1,2,5,3,4.00
609,8,31,5578,1395,3193.00,2514.00,679.00,29.00,14.00,11.00,0.00,0,1,2,6,3,2.00
610,9,1,3563,2248,3193.00,2514.00,679.00,29.00,14.00,8.00,41.66,0,0,2,7,4,9.00
611,9,2,2997,2491,3193.00,2514.00,679.00,26.00,15.00,4.00,1.27,0,0,2,1,4,8.00
612,9,3,3824,1810,3193.00,2514.00,679.00,27.00,16.00,11.00,1.0e-03,1,0,2,2,4,8.00
613,9,4,5607,837,3215.00,2514.00,701.00,28.00,15.00,16.00,1.0e-03,0,1,2,3,4,8.00
614,9,5,5889,796,3215.00,2514.00,701.00,29.00,16.00,13.00,0.51,0,1,2,4,4,7.00
615,9,6,5240,562,3215.00,2514.00,701.00,26.00,14.00,9.00,6.10,0,1,2,5,4,8.00
616,9,7,6071,984,3215.00,2514.00,701.00,27.00,16.00,12.00,0.00,0,1,2,6,4,2.00
617,9,8,4135,1466,3215.00,2514.00,701.00,26.00,13.00,19.00,12.45,0,0,2,7,4,8.00
618,9,9,5318,2420,3215.00,2514.00,701.00,22.00,16.00,15.00,0.00,0,0,2,1,4,4.00
619,9,10,5940,1035,3215.00,2514.00,701.00,21.00,16.00,17.00,0.00,0,1,2,2,4,2.00
620,9,11,6262,991,3215.00,2514.00,701.00,20.00,16.00,7.00,0.00,0,1,2,3,4,2.00
621,9,12,6357,927,3215.00,2514.00,701.00,22.00,16.00,9.00,0.00,0,1,2,4,4,2.00
622,9,13,6294,986,3215.00,2514.00,701.00,22.00,16.00,6.00,0.00,0,1,2,5,4,1.00
623,9,14,6146,1305,3215.00,2514.00,701.00,23.00,16.00,7.00,0.00,0,1,2,6,4,6.00
624,9,15,5197,2975,3215.00,2514.00,701.00,22.00,16.00,16.00,0.00,0,0,2,7,4,6.00
625,9,16,4834,2034,3215.00,2514.00,701.00,20.00,16.00,7.00,0.00,0,0,2,1,4,6.00
626,9,17,5369,970,3215.00,2514.00,701.00,19.00,16.00,10.00,3.56,0,1,2,2,4,7.00
627,9,18,3471,356,3215.00,2514.00,701.00,23.00,13.00,25.00,23.62,0,1,2,3,4,9.00
628,9,19,6343,739,3215.00,2514.00,701.00,19.00,16.00,14.00,0.00,0,1,2,4,4,6.00
629,9,20,6299,894,3215.00,2514.00,701.00,18.00,16.00,8.00,0.00,0,1,2,5,4,6.00
630,9,21,6373,1169,3215.00,2514.00,701.00,21.00,16.00,11.00,0.00,0,1,2,6,4,2.00
631,9,22,5471,2341,3215.00,2514.00,701.00,24.00,16.00,19.00,0.00,0,0,2,7,4,4.00
632,9,23,5116,2290,3215.00,2514.00,701.00,17.00,16.00,15.00,0.00,0,0,2,1,4,3.00
633,9,24,5993,943,3215.00,2514.00,701.00,17.00,16.00,11.00,0.00,0,1,2,2,4,4.00
634,9,25,6217,788,3215.00,2514.00,701.00,18.00,16.00,16.00,0.00,0,1,2,3,4,3.00
635,9,26,6427,727,3215.00,2514.00,701.00,24.00,16.00,16.00,1.27,0,1,2,4,4,7.00
636,9,27,6144,704,3215.00,2514.00,701.00,24.00,15.00,9.00,12.45,0,1,2,5,4,8.00
637,9,28,5925,994,3215.00,2514.00,701.00,23.00,14.00,11.00,6.10,0,1,2,6,4,9.00
638,9,29,5611,2445,3215.00,2514.00,701.00,19.00,16.00,14.00,0.00,0,0,2,7,4,6.00
639,9,30,4537,1898,3215.00,2514.00,701.00,18.00,16.00,10.00,1.0e-03,0,0,2,1,4,6.00
640,10,1,5592,723,3215.00,2514.00,701.00,17.00,16.00,6.00,1.0e-03,0,1,2,2,4,7.00
641,10,2,4057,302,3215.00,2514.00,701.00,21.00,6.00,8.00,10.92,0,1,2,3,4,9.00
642,10,3,6340,693,3240.00,2539.00,701.00,24.00,9.00,5.00,1.0e-03,0,1,2,4,4,8.00
643,10,4,5998,857,3240.00,2539.00,701.00,23.00,15.00,8.00,0.25,0,1,2,5,4,7.00
644,10,5,6163,1472,3240.00,2539.00,701.00,22.00,16.00,8.00,0.00,0,1,2,6,4,2.00
645,10,6,4630,2919,3240.00,2539.00,701.00,19.00,16.00,18.00,0.00,0,0,2,7,4,4.00
646,10,7,2591,746,3240.00,2539.00,701.00,12.00,15.00,10.00,2.79,0,0,2,1,4,8.00
647,10,8,4320,849,3240.00,2539.00,701.00,10.00,16.00,13.00,1.02,1,0,2,2,4,8.00
648,10,9,5371,570,3240.00,2539.00,701.00,13.00,15.00,12.00,2.29,0,1,2,3,4,9.00
649,10,10,6440,754,3240.00,2539.00,701.00,17.00,13.00,12.00,1.0e-03,0,1,2,4,4,7.00
650,10,11,6267,812,3240.00,2539.00,701.00,13.00,16.00,13.00,0.00,0,1,2,5,4,1.00
651,10,12,5781,1021,3240.00,2539.00,701.00,14.00,16.00,16.00,0.00,0,1,2,6,4,3.00
652,10,13,4538,2181,3240.00,2539.00,701.00,11.00,16.00,11.00,0.00,0,0,2,7,4,3.00
653,10,14,4277,1957,3240.00,2539.00,701.00,18.00,16.00,19.00,0.00,0,0,2,1,4,5.00
654,10,15,4716,732,3240.00,2539.00,701.00,18.00,16.00,20.00,1.52,0,1,2,2,4,9.00
655,10,16,6102,892,3240.00,2539.00,701.00,14.00,16.00,11.00,0.00,0,1,2,3,4,4.00
656,10,17,5967,936,3240.00,2539.00,701.00,14.00,16.00,7.00,0.00,0,1,2,4,4,5.00
657,10,18,5995,971,3240.00,2539.00,701.00,17.00,16.00,15.00,1.0e-03,0,1,2,5,4,7.00
658,10,19,4367,707,3240.00,2539.00,701.00,19.00,15.00,9.00,6.10,0,1,2,6,4,7.00
659,10,20,5016,2710,3240.00,2539.00,701.00,16.00,16.00,9.00,0.00,0,0,2,7,4,4.00
660,10,21,4401,2036,3240.00,2539.00,701.00,14.00,16.00,11.00,0.00,0,0,2,1,4,2.00
661,10,22,5751,788,3240.00,2539.00,701.00,16.00,16.00,6.00,0.00,0,1,2,2,4,1.00
662,10,23,6118,791,3240.00,2539.00,701.00,18.00,16.00,7.00,0.00,0,1,2,3,4,7.00
663,10,24,6366,755,3263.00,2539.00,724.00,22.00,16.00,5.00,0.00,0,1,2,4,4,8.00
664,10,25,6006,803,3263.00,2539.00,724.00,19.00,11.00,9.00,0.00,0,1,2,5,4,7.00
665,10,26,5808,1142,3263.00,2539.00,724.00,19.00,14.00,9.00,0.00,0,1,2,6,4,9.00
666,10,27,4911,2506,3263.00,2539.00,724.00,18.00,16.00,16.00,1.0e-03,0,0,2,7,4,8.00
667,10,28,3258,914,3263.00,2539.00,724.00,14.00,15.00,27.00,3.81,0,0,2,1,4,9.00
668,10,29,20,2,3263.00,2539.00,724.00,11.00,7.00,39.00,97.79,0,1,2,2,4,9.00
669,10,30,969,83,3263.00,2539.00,724.00,7.00,14.00,19.00,21.34,0,1,2,3,4,9.00
670,10,31,4784,406,3263.00,2539.00,724.00,9.00,16.00,10.00,1.0e-03,0,1,2,4,4,8.00
671,11,1,5151,448,3263.00,2539.00,724.00,9.00,16.00,10.00,1.0e-03,0,1,2,5,4,8.00
672,11,2,4855,589,3263.00,2539.00,724.00,9.00,16.00,18.00,0.00,0,1,2,6,4,7.00
673,11,3,3876,982,3263.00,2539.00,724.00,8.00,16.00,18.00,0.00,0,0,2,7,4,8.00
674,11,4,3670,1154,3263.00,2539.00,724.00,8.00,16.00,13.00,0.00,0,0,2,1,4,5.00
675,11,5,4545,355,3263.00,2539.00,724.00,7.00,16.00,15.00,0.00,0,1,2,2,4,5.00
676,11,6,4806,442,3263.00,2539.00,724.00,5.00,16.00,12.00,0.00,0,1,2,3,4,6.00
677,11,7,4405,303,3263.00,2539.00,724.00,6.00,16.00,20.00,0.51,0,1,2,4,4,9.00
678,11,8,4658,321,3263.00,2539.00,724.00,9.00,16.00,24.00,0.25,0,1,2,5,4,5.00
679,11,9,4912,672,3263.00,2539.00,724.00,9.00,16.00,14.00,0.00,0,1,2,6,4,1.00
680,11,10,4182,1977,3263.00,2539.00,724.00,11.00,16.00,4.00,0.00,0,0,2,7,4,4.00
681,11,11,4269,2151,3263.00,2539.00,724.00,14.00,16.00,9.00,0.00,0,0,2,1,4,2.00
682,11,12,4811,1041,3263.00,2539.00,724.00,16.00,16.00,12.00,0.25,1,0,2,2,4,6.00
683,11,13,3528,311,3263.00,2539.00,724.00,11.00,13.00,23.00,12.70,0,1,2,3,4,6.00
684,11,14,4775,353,3263.00,2539.00,724.00,6.00,16.00,13.00,0.00,0,1,2,4,4,4.00
685,11,15,4743,304,3263.00,2539.00,724.00,7.00,16.00,11.00,0.00,0,1,2,5,4,9.00
686,11,16,4883,463,3263.00,2539.00,724.00,9.00,16.00,12.00,0.00,0,1,2,6,4,6.00
687,11,17,4040,1271,3263.00,2539.00,724.00,8.00,16.00,12.00,0.00,0,0,2,7,4,4.00
688,11,18,3556,878,3263.00,2539.00,724.00,8.00,16.00,15.00,0.00,0,0,2,1,4,7.00
689,11,19,4703,437,3263.00,2539.00,724.00,11.00,16.00,15.00,0.00,0,1,2,2,4,8.00
690,11,20,4767,525,3263.00,2539.00,724.00,11.00,16.00,5.00,0.00,0,1,2,3,4,8.00
691,11,21,4253,600,3263.00,2539.00,724.00,9.00,14.00,7.00,0.00,0,1,2,4,4,2.00
692,11,22,1378,901,3263.00,2539.00,724.00,9.00,16.00,4.00,0.00,1,0,2,5,4,1.00
693,11,23,2173,1565,3263.00,2539.00,724.00,9.00,16.00,11.00,0.00,0,1,2,6,4,5.00
694,11,24,1622,506,3263.00,2539.00,724.00,6.00,16.00,25.00,0.00,0,0,2,7,4,6.00
695,11,25,2005,290,3263.00,2539.00,724.00,3.00,16.00,10.00,0.00,0,0,2,1,4,6.00
696,11,26,4467,318,3263.00,2539.00,724.00,7.00,16.00,3.00,0.00,0,1,2,2,4,3.00
697,11,27,3602,116,3263.00,2539.00,724.00,5.00,13.00,16.00,1.52,0,1,2,3,4,8.00
698,11,28,4750,191,3263.00,2539.00,724.00,7.00,16.00,14.00,0.00,0,1,2,4,4,5.00
699,11,29,4731,229,3263.00,2539.00,724.00,5.00,16.00,8.00,0.00,0,1,2,5,4,2.00
700,11,30,4990,341,3263.00,2539.00,724.00,7.00,16.00,3.00,0.00,0,1,2,6,4,7.00
701,12,1,4011,918,3263.00,2539.00,724.00,7.00,9.00,4.00,0.00,0,0,2,7,1,6.00
702,12,2,3570,872,3263.00,2539.00,724.00,8.00,8.00,8.00,0.51,0,0,2,1,1,8.00
703,12,3,5287,533,3263.00,2539.00,724.00,14.00,15.00,5.00,0.00,0,1,2,2,1,6.00
704,12,4,5615,530,3263.00,2539.00,724.00,16.00,16.00,12.00,0.00,0,1,2,3,1,8.00
705,12,5,5050,319,3263.00,2539.00,724.00,11.00,16.00,21.00,0.00,0,1,2,4,1,6.00
706,12,6,4709,324,3263.00,2539.00,724.00,4.00,16.00,11.00,0.00,0,1,2,5,1,6.00
707,12,7,4347,321,3263.00,2539.00,724.00,7.00,16.00,9.00,1.27,0,1,2,6,1,9.00
708,12,8,4176,1110,3263.00,2539.00,724.00,11.00,8.00,8.00,0.00,0,0,2,7,1,8.00
709,12,9,2630,428,3263.00,2539.00,724.00,11.00,6.00,11.00,3.56,0,0,2,1,1,9.00
710,12,10,4556,319,3263.00,2539.00,724.00,13.00,4.00,12.00,0.25,0,1,2,2,1,9.00
711,12,11,4844,265,3263.00,2539.00,724.00,11.00,16.00,20.00,1.78,0,1,2,3,1,8.00
712,12,12,4641,295,3263.00,2539.00,724.00,6.00,16.00,12.00,0.00,0,1,2,4,1,9.00
713,12,13,4766,408,3263.00,2539.00,724.00,6.00,16.00,11.00,0.00,0,1,2,5,1,4.00
714,12,14,4857,419,3263.00,2539.00,724.00,5.00,16.00,9.00,0.00,0,1,2,6,1,2.00
715,12,15,3982,742,3263.00,2539.00,724.00,8.00,16.00,7.00,0.00,0,0,2,7,1,8.00
716,12,16,3053,517,3263.00,2539.00,724.00,9.00,13.00,6.00,2.29,0,0,2,1,1,9.00
717,12,17,4119,200,3263.00,2539.00,724.00,11.00,6.00,7.00,1.78,0,1,2,2,1,9.00
718,12,18,4747,412,3263.00,2539.00,724.00,12.00,15.00,16.00,0.00,0,1,2,3,1,5.00
719,12,19,4579,315,3263.00,2539.00,724.00,7.00,16.00,13.00,0.00,0,1,2,4,1,3.00
720,12,20,3560,308,3263.00,2539.00,724.00,8.00,14.00,10.00,14.22,0,1,2,5,1,9.00
721,12,21,3160,218,3263.00,2539.00,724.00,9.00,15.00,26.00,6.60,0,1,2,6,1,9.00
722,12,22,1462,192,3263.00,2539.00,724.00,4.00,16.00,27.00,0.00,0,0,2,7,1,5.00
723,12,23,1289,389,3263.00,2539.00,724.00,3.00,16.00,8.00,0.00,0,0,2,1,1,4.00
724,12,24,689,165,3263.00,2539.00,724.00,2.00,11.00,6.00,3.56,0,1,2,2,1,8.00
725,12,25,531,418,3263.00,2539.00,724.00,6.00,10.00,11.00,0.00,1,0,2,3,1,8.00
726,12,26,404,9,3263.00,2539.00,724.00,4.00,7.00,21.00,36.07,0,1,2,4,1,9.00
727,12,27,1749,244,3263.00,2539.00,724.00,4.00,15.00,23.00,0.51,0,1,2,5,1,8.00
728,12,28,2279,636,3263.00,2539.00,724.00,5.00,16.00,10.00,0.00,0,1,2,6,1,8.00
729,12,29,1126,154,3263.00,2539.00,724.00,4.00,10.00,10.00,4.57,0,0,2,7,1,9.00
730,12,30,1345,359,3263.00,2539.00,724.00,3.00,16.00,24.00,0.00,0,0,2,1,1,5.00
731,12,31,2132,424,3263.00,2539.00,724.00,2.00,16.00,10.00,0.00,0,1,2,2,1,7.00
732,1,1,1477,406,3263.00,2539.00,724.00,6.00,16.00,10.00,0.00,1,0,3,3,1,9.00
733,1,2,3219,277,3263.00,2539.00,724.00,2.00,16.00,15.00,0.00,0,1,3,4,1,8.00
734,1,3,3360,288,3263.00,2539.00,724.00,1.00,16.00,10.00,0.00,0,1,3,5,1,6.00
735,1,4,3570,291,3263.00,2539.00,724.00,3.00,16.00,12.00,0.00,0,1,3,6,1,2.00
736,1,5,2851,491,3263.00,2539.00,724.00,4.00,16.00,9.00,0.25,0,0,3,7,1,5.00
737,1,6,3051,562,3263.00,2539.00,724.00,7.00,16.00,11.00,0.00,0,0,3,1,1,7.00
738,1,7,4205,309,3263.00,2539.00,724.00,6.00,16.00,12.00,0.00,0,1,3,2,1,5.00
739,1,8,4567,428,3263.00,2539.00,724.00,6.00,16.00,10.00,0.00,0,1,3,3,1,5.00
740,1,9,4520,341,3263.00,2539.00,724.00,7.00,16.00,5.00,0.25,0,1,3,4,1,6.00
741,1,10,4726,340,3263.00,2539.00,724.00,10.00,16.00,10.00,0.00,0,1,3,5,1,7.00
742,1,11,3669,242,3263.00,2539.00,724.00,6.00,9.00,4.00,0.25,0,1,3,6,1,8.00
743,1,12,4185,1191,3263.00,2539.00,724.00,8.00,5.00,6.00,0.00,0,0,3,7,1,9.00
744,1,13,3161,791,3263.00,2539.00,724.00,9.00,2.00,5.00,0.00,0,0,3,1,1,9.00
745,1,14,4357,437,3263.00,2539.00,724.00,12.00,12.00,16.00,2.29,0,1,3,2,1,9.00
746,1,15,2567,222,3263.00,2539.00,724.00,4.00,8.00,14.00,20.07,0,1,3,3,1,9.00
747,1,16,3172,195,3263.00,2539.00,724.00,4.00,13.00,9.00,7.37,0,1,3,4,1,9.00
748,1,17,4175,357,3263.00,2539.00,724.00,6.00,16.00,11.00,0.25,0,1,3,5,1,9.00
749,1,18,3931,336,3263.00,2539.00,724.00,2.00,16.00,19.00,0.00,0,1,3,6,1,3.00
750,1,19,3559,1166,3263.00,2539.00,724.00,7.00,16.00,22.00,0.00,0,0,3,7,1,1.00
751,1,20,3912,1601,3263.00,2539.00,724.00,10.00,16.00,19.00,0.00,1,0,3,1,1,2.00
752,1,21,3383,1002,3263.00,2539.00,724.00,4.00,16.00,16.00,0.00,1,0,3,2,1,6.00
753,1,22,2678,89,3263.00,2539.00,724.00,-3.00,16.00,25.00,0.00,0,1,3,3,1,3.00
754,1,23,2955,68,3263.00,2539.00,724.00,-6.00,16.00,13.00,0.00,0,1,3,4,1,6.00
755,1,24,2303,18,3263.00,2539.00,724.00,-4.00,9.00,20.00,0.76,0,1,3,5,1,8.00
756,1,25,2200,44,3263.00,2539.00,724.00,-6.00,12.00,11.00,0.51,0,1,3,6,1,9.00
757,1,26,2468,178,3263.00,2539.00,724.00,-1.00,16.00,9.00,0.00,0,0,3,7,1,9.00
758,1,27,2611,251,3263.00,2539.00,724.00,1.00,16.00,11.00,0.00,0,0,3,1,1,6.00
759,1,28,2511,61,3263.00,2539.00,724.00,4.00,11.00,15.00,3.30,0,1,3,2,1,8.00
760,1,29,5174,310,3263.00,2539.00,724.00,13.00,15.00,11.00,0.00,0,1,3,3,1,6.00
761,1,30,4235,173,3263.00,2539.00,724.00,17.00,14.00,22.00,21.84,0,1,3,4,1,8.00
762,1,31,3948,113,3312.00,2588.00,724.00,9.00,14.00,28.00,7.11,0,1,3,5,1,6.00
763,2,1,2941,79,3312.00,2588.00,724.00,-2.00,13.00,21.00,0.25,0,1,3,6,1,7.00
764,2,2,2090,231,3312.00,2588.00,724.00,-3.00,12.00,11.00,0.51,0,0,3,7,1,8.00
765,2,3,2290,179,3312.00,2588.00,724.00,-1.00,13.00,8.00,0.00,0,0,3,1,1,9.00
766,2,4,3612,120,3327.00,2603.00,724.00,0.00,16.00,11.00,0.00,0,1,3,2,1,8.00
767,2,5,4179,145,3327.00,2603.00,724.00,3.00,16.00,7.00,0.00,0,1,3,3,1,8.00
768,2,6,4432,170,3327.00,2603.00,724.00,6.00,15.00,13.00,0.00,0,1,3,4,1,4.00
769,2,7,4035,168,3327.00,2603.00,724.00,3.00,16.00,9.00,0.00,0,1,3,5,1,9.00
770,2,8,3052,144,3327.00,2603.00,724.00,4.00,13.00,20.00,5.08,0,1,3,6,1,9.00
771,2,9,2900,400,3327.00,2603.00,724.00,3.00,16.00,28.00,0.00,0,0,3,7,1,3.00
772,2,10,2953,484,3327.00,2603.00,724.00,2.00,16.00,9.00,0.00,0,0,3,1,1,6.00
773,2,11,3885,144,3357.00,2633.00,724.00,8.00,10.00,15.00,7.11,0,1,3,2,1,8.00
774,2,12,5017,264,3357.00,2633.00,724.00,10.00,16.00,14.00,0.00,0,1,3,3,1,4.00
775,2,13,3205,154,3357.00,2633.00,724.00,5.00,11.00,11.00,4.83,0,1,3,4,1,8.00
776,2,14,4508,343,3357.00,2633.00,724.00,6.00,14.00,10.00,0.00,0,1,3,5,1,3.00
777,2,15,4376,652,3399.00,2675.00,724.00,9.00,15.00,14.00,2.54,0,1,3,6,1,6.00
778,2,16,2405,649,3399.00,2675.00,724.00,3.00,16.00,16.00,0.51,0,0,3,7,1,9.00
779,2,17,1924,461,3399.00,2675.00,724.00,-1.00,16.00,27.00,0.00,0,0,3,1,1,4.00
780,2,18,2643,501,3399.00,2675.00,724.00,0.00,16.00,13.00,0.00,1,0,3,2,1,4.00
781,2,19,3574,153,3399.00,2675.00,724.00,6.00,16.00,21.00,2.03,0,1,3,3,1,7.00
782,2,20,3920,181,3399.00,2675.00,724.00,1.00,16.00,24.00,0.00,0,1,3,4,1,4.00
783,2,21,3716,176,3399.00,2675.00,724.00,1.00,16.00,20.00,0.00,0,1,3,5,1,4.00
784,2,22,3272,114,3399.00,2675.00,724.00,1.00,14.00,9.00,1.52,0,1,3,6,1,9.00
785,2,23,2248,206,3399.00,2675.00,724.00,4.00,8.00,10.00,2.03,0,0,3,7,1,9.00
786,2,24,3330,802,3399.00,2675.00,724.00,7.00,14.00,22.00,0.00,0,0,3,1,1,5.00
787,2,25,4401,316,3399.00,2675.00,724.00,5.00,16.00,8.00,0.00,0,1,3,2,1,5.00
788,2,26,2473,141,3399.00,2675.00,724.00,4.00,10.00,16.00,15.75,0,1,3,3,1,9.00
789,2,27,4799,341,3399.00,2675.00,724.00,10.00,14.00,13.00,0.25,0,1,3,4,1,8.00
790,2,28,4558,278,3399.00,2675.00,724.00,8.00,16.00,17.00,0.25,0,1,3,5,1,9.00
791,3,1,4361,314,3399.00,2675.00,724.00,6.00,16.00,21.00,0.00,0,1,3,6,2,9.00
792,3,2,2904,642,3399.00,2675.00,724.00,2.00,16.00,20.00,0.00,0,0,3,7,2,7.00
793,3,3,2486,454,3399.00,2675.00,724.00,3.00,16.00,22.00,0.00,0,0,3,1,2,6.00
794,3,4,3907,302,3399.00,2675.00,724.00,3.00,16.00,22.00,0.00,0,1,3,2,2,3.00
795,3,5,4499,429,3399.00,2675.00,724.00,6.00,16.00,13.00,0.00,0,1,3,3,2,8.00
796,3,6,1005,74,3399.00,2675.00,724.00,3.00,8.00,33.00,26.16,0,1,3,4,2,9.00
797,3,7,4464,305,3399.00,2675.00,724.00,7.00,16.00,26.00,0.00,0,1,3,5,2,5.00
798,3,8,4207,397,3399.00,2675.00,724.00,7.00,16.00,31.00,0.00,0,1,3,6,2,5.00
799,3,9,4405,2057,3399.00,2675.00,724.00,9.00,16.00,10.00,0.00,0,0,3,7,2,2.00
800,3,10,4249,2196,3399.00,2675.00,724.00,10.00,16.00,10.00,0.00,0,0,3,1,2,4.00
801,3,11,4773,994,3399.00,2675.00,724.00,12.00,16.00,17.00,0.00,0,1,3,2,2,9.00
802,3,12,3635,421,3399.00,2675.00,724.00,11.00,11.00,24.00,21.08,0,1,3,3,2,8.00
803,3,13,4799,599,3399.00,2675.00,724.00,7.00,16.00,18.00,0.00,0,1,3,4,2,5.00
804,3,14,4161,416,3399.00,2675.00,724.00,5.00,16.00,24.00,0.00,0,1,3,5,2,3.00
805,3,15,4879,1165,3399.00,2675.00,724.00,8.00,16.00,14.00,0.00,0,1,3,6,2,6.00
806,3,16,4208,1749,3399.00,2675.00,724.00,11.00,15.00,12.00,0.76,0,0,3,7,2,8.00
807,3,17,2862,942,3399.00,2675.00,724.00,4.00,16.00,11.00,0.00,0,0,3,1,2,7.00
808,3,18,2399,244,3399.00,2675.00,724.00,3.00,9.00,13.00,8.13,0,1,3,2,2,9.00
809,3,19,4991,648,3399.00,2675.00,724.00,10.00,16.00,17.00,0.00,0,1,3,3,2,6.00
810,3,20,5038,521,3399.00,2675.00,724.00,8.00,16.00,20.00,0.00,0,1,3,4,2,4.00
811,3,21,4032,288,3399.00,2675.00,724.00,3.00,16.00,25.00,0.00,0,1,3,5,2,7.00
812,3,22,4494,649,3399.00,2675.00,724.00,4.00,16.00,18.00,0.00,0,1,3,6,2,3.00
813,3,23,3858,2371,3399.00,2675.00,724.00,7.00,16.00,14.00,0.00,0,0,3,7,2,3.00
814,3,24,2654,1063,3399.00,2675.00,724.00,4.00,14.00,10.00,1.02,0,0,3,1,2,8.00
815,3,25,1776,72,3399.00,2675.00,724.00,2.00,10.00,13.00,13.21,0,1,3,2,2,9.00
816,3,26,4697,621,3399.00,2675.00,724.00,6.00,16.00,15.00,0.00,0,1,3,3,2,6.00
817,3,27,4898,624,3399.00,2675.00,724.00,8.00,16.00,21.00,0.25,0,1,3,4,2,5.00
818,3,28,4635,681,3440.00,2675.00,765.00,7.00,16.00,19.00,0.00,0,1,3,5,2,8.00
819,3,29,5153,1902,3440.00,2675.00,765.00,11.00,16.00,15.00,0.00,0,1,3,6,2,7.00
820,3,30,4394,4832,3440.00,2675.00,765.00,11.00,16.00,6.00,0.00,0,0,3,7,2,5.00
821,3,31,2285,1353,3440.00,2675.00,765.00,11.00,14.00,9.00,0.51,0,0,3,1,2,9.00
822,4,1,4815,1256,3440.00,2675.00,765.00,13.00,11.00,18.00,0.00,0,1,3,2,2,5.00
823,4,2,4883,708,3440.00,2675.00,765.00,7.00,16.00,20.00,0.00,0,1,3,3,2,2.00
824,4,3,5006,897,3500.00,2735.00,765.00,7.00,16.00,18.00,0.00,0,1,3,4,2,2.00
825,4,4,4656,870,3500.00,2735.00,765.00,5.00,16.00,11.00,4.06,0,1,3,5,2,8.00
826,4,5,5713,1499,3500.00,2735.00,765.00,12.00,14.00,18.00,3.05,0,1,3,6,2,6.00
827,4,6,4949,3948,3500.00,2735.00,765.00,10.00,16.00,15.00,0.00,0,0,3,7,2,3.00
828,4,7,5099,4205,3500.00,2735.00,765.00,14.00,16.00,22.00,0.00,0,0,3,1,2,6.00
829,4,8,6172,1864,3500.00,2735.00,765.00,19.00,16.00,14.00,0.00,0,1,3,2,2,6.00
830,4,9,7239,2009,3500.00,2735.00,765.00,23.00,16.00,15.00,0.00,0,1,3,3,2,6.00
831,4,10,7222,1859,3500.00,2735.00,765.00,25.00,16.00,18.00,0.00,0,1,3,4,2,6.00
832,4,11,6829,1783,3500.00,2735.00,765.00,22.00,16.00,13.00,0.00,0,1,3,5,2,8.00
833,4,12,4632,1134,3572.00,2807.00,765.00,18.00,10.00,16.00,20.32,0,1,3,6,2,8.00
834,4,13,5708,5148,3572.00,2807.00,765.00,16.00,16.00,11.00,0.00,0,0,3,7,2,4.00
835,4,14,5034,4106,3572.00,2807.00,765.00,15.00,16.00,13.00,0.00,0,0,3,1,2,5.00
836,4,15,5382,1245,3572.00,2807.00,765.00,16.00,16.00,11.00,0.00,0,1,3,2,2,9.00
837,4,16,6336,1431,3572.00,2807.00,765.00,18.00,16.00,13.00,0.00,1,0,3,3,2,7.00
838,4,17,6715,1259,3572.00,2807.00,765.00,22.00,16.00,10.00,0.00,0,1,3,4,2,8.00
839,4,18,6176,1133,3572.00,2807.00,765.00,21.00,14.00,14.00,1.52,0,1,3,5,2,8.00
840,4,19,4756,1043,3572.00,2807.00,765.00,19.00,12.00,22.00,34.80,0,1,3,6,2,8.00
841,4,20,5168,3199,3572.00,2807.00,765.00,13.00,16.00,23.00,0.51,0,0,3,7,2,5.00
842,4,21,4580,2366,3572.00,2807.00,765.00,9.00,16.00,15.00,0.00,0,0,3,1,2,6.00
843,4,22,5607,746,3572.00,2807.00,765.00,9.00,16.00,17.00,0.00,0,1,3,2,2,7.00
844,4,23,6154,901,3615.00,2807.00,808.00,13.00,16.00,10.00,0.00,0,1,3,3,2,7.00
845,4,24,6778,1246,3652.00,2807.00,845.00,18.00,16.00,20.00,0.00,0,1,3,4,2,6.00
846,4,25,6512,1292,3694.00,2849.00,845.00,13.00,16.00,17.00,0.25,0,1,3,5,2,5.00
847,4,26,6761,1744,3694.00,2849.00,845.00,14.00,16.00,9.00,0.00,0,1,3,6,2,5.00
848,4,27,5589,4636,3694.00,2849.00,845.00,16.00,16.00,8.00,0.00,0,0,3,7,2,5.00
849,4,28,4336,3154,3694.00,2849.00,845.00,16.00,16.00,13.00,0.00,0,0,3,1,2,7.00
850,4,29,3658,450,3694.00,2849.00,845.00,14.00,13.00,12.00,5.84,0,1,3,2,2,9.00
851,4,30,4494,583,3694.00,2849.00,845.00,15.00,10.00,14.00,0.51,0,1,3,3,2,9.00
852,5,1,6987,1136,3694.00,2849.00,845.00,16.00,16.00,15.00,0.00,0,1,3,4,2,3.00
853,5,2,6831,1277,3694.00,2849.00,845.00,15.00,16.00,10.00,0.00,0,1,3,5,2,5.00
854,5,3,6545,1652,3694.00,2849.00,845.00,15.00,16.00,15.00,0.00,0,1,3,6,2,7.00
855,5,4,5539,3432,3694.00,2849.00,845.00,16.00,16.00,15.00,0.00,0,0,3,7,2,8.00
856,5,5,4850,2789,3694.00,2849.00,845.00,13.00,16.00,15.00,0.00,0,0,3,1,2,6.00
857,5,6,5122,1021,3747.00,2902.00,845.00,15.00,13.00,19.00,0.00,0,1,3,2,2,9.00
858,5,7,3862,327,3747.00,2902.00,845.00,17.00,12.00,19.00,13.97,0,1,3,3,2,9.00
859,5,8,5452,780,3747.00,2902.00,845.00,19.00,16.00,9.00,1.02,0,1,3,4,2,8.00
860,5,9,6341,1069,3747.00,2902.00,845.00,19.00,15.00,8.00,1.52,0,1,3,5,2,7.00
861,5,10,6556,1912,3747.00,2902.00,845.00,22.00,13.00,10.00,12.19,0,1,3,6,2,8.00
862,5,11,4179,1973,3747.00,2902.00,845.00,22.00,15.00,11.00,1.78,0,0,3,7,2,9.00
863,5,12,4721,2863,3747.00,2902.00,845.00,16.00,16.00,21.00,0.00,0,0,3,1,2,5.00
864,5,13,5930,1021,3747.00,2902.00,845.00,13.00,16.00,18.00,0.00,0,1,3,2,2,6.00
865,5,14,6427,1228,3799.00,2954.00,845.00,13.00,16.00,10.00,0.00,0,1,3,3,2,7.00
866,5,15,6984,1249,3799.00,2954.00,845.00,22.00,16.00,13.00,0.00,0,1,3,4,2,7.00
867,5,16,6936,1426,3799.00,2954.00,845.00,25.00,16.00,15.00,0.00,0,1,3,5,2,8.00
868,5,17,7087,2444,3799.00,2954.00,845.00,23.00,16.00,10.00,0.00,0,1,3,6,2,5.00
869,5,18,4227,1827,3799.00,2954.00,845.00,18.00,15.00,11.00,1.52,0,0,3,7,2,9.00
870,5,19,4342,1951,3799.00,2954.00,845.00,21.00,10.00,7.00,0.51,0,0,3,1,2,9.00
871,5,20,6293,1541,3799.00,2954.00,845.00,23.00,14.00,11.00,0.00,0,1,3,2,2,8.00
872,5,21,6873,1563,3799.00,2954.00,845.00,24.00,16.00,14.00,0.00,0,1,3,3,2,7.00
873,5,22,7063,1304,3799.00,2954.00,845.00,26.00,14.00,15.00,0.51,0,1,3,4,2,8.00
874,5,23,6372,1229,3799.00,2954.00,845.00,24.00,15.00,16.00,4.32,0,1,3,5,2,9.00
875,5,24,5370,959,3799.00,2954.00,845.00,14.00,16.00,26.00,0.25,0,1,3,6,2,9.00
876,5,25,4152,3465,3799.00,2954.00,845.00,14.00,16.00,24.00,0.00,0,0,3,7,2,3.00
877,5,26,4027,5359,3799.00,2954.00,845.00,17.00,16.00,16.00,0.00,0,0,3,1,2,3.00
878,5,27,4272,4158,3799.00,2954.00,845.00,17.00,16.00,7.00,0.00,1,0,3,2,2,7.00
879,5,28,5617,1520,3799.00,2954.00,845.00,23.00,13.00,10.00,34.04,0,1,3,3,2,8.00
880,5,29,7091,1659,3799.00,2954.00,845.00,27.00,16.00,14.00,0.00,0,1,3,4,2,6.00
881,5,30,6938,1305,3848.00,3003.00,845.00,27.00,16.00,14.00,0.00,0,1,3,5,2,3.00
882,5,31,6880,1763,3848.00,3003.00,845.00,27.00,16.00,17.00,0.00,0,1,3,6,2,3.00
883,6,1,5551,3482,3848.00,3003.00,845.00,28.00,16.00,18.00,0.00,0,0,3,7,3,3.00
884,6,2,4483,2817,3848.00,3003.00,845.00,26.00,15.00,19.00,3.05,0,0,3,1,3,7.00
885,6,3,5604,1368,3848.00,3003.00,845.00,24.00,13.00,13.00,10.67,0,1,3,2,3,9.00
886,6,4,7639,1740,3881.00,3036.00,845.00,21.00,16.00,13.00,0.00,0,1,3,3,3,3.00
887,6,5,7624,1774,3881.00,3036.00,845.00,21.00,16.00,10.00,0.00,0,1,3,4,3,6.00
888,6,6,5309,1171,3881.00,3036.00,845.00,21.00,15.00,14.00,21.59,0,1,3,5,3,9.00
889,6,7,2148,230,3881.00,3036.00,845.00,22.00,8.00,14.00,42.42,0,1,3,6,3,9.00
890,6,8,5863,3365,3881.00,3036.00,845.00,24.00,16.00,10.00,0.00,0,0,3,7,3,6.00
891,6,9,5537,3211,3881.00,3036.00,845.00,24.00,15.00,9.00,0.25,0,0,3,1,3,7.00
892,6,10,3509,694,3881.00,3036.00,845.00,24.00,11.00,12.00,70.36,0,1,3,2,3,9.00
893,6,11,7049,1668,3881.00,3036.00,845.00,25.00,16.00,15.00,0.00,0,1,3,3,3,7.00
894,6,12,7111,1497,3881.00,3036.00,845.00,27.00,16.00,12.00,0.00,0,1,3,4,3,6.00
895,6,13,5785,1116,3881.00,3036.00,845.00,27.00,15.00,18.00,0.51,0,1,3,5,3,8.00
896,6,14,7207,2099,3919.00,3074.00,845.00,22.00,16.00,21.00,0.51,0,1,3,6,3,6.00
897,6,15,5959,3985,3919.00,3074.00,845.00,23.00,16.00,14.00,0.00,0,0,3,7,3,3.00
898,6,16,4966,3364,3919.00,3074.00,845.00,26.00,16.00,11.00,0.00,0,0,3,1,3,7.00
899,6,17,6508,1670,3919.00,3074.00,845.00,27.00,16.00,11.00,0.00,0,1,3,2,3,8.00
900,6,18,5857,908,3919.00,3074.00,845.00,23.00,13.00,10.00,5.84,0,1,3,3,3,8.00
901,6,19,7784,1698,3919.00,3074.00,845.00,23.00,16.00,10.00,0.00,0,1,3,4,3,7.00
902,6,20,7928,1716,3919.00,3074.00,845.00,23.00,16.00,12.00,0.00,0,1,3,5,3,6.00
903,6,21,7517,2288,3919.00,3074.00,845.00,23.00,16.00,6.00,0.00,0,1,3,6,3,3.00
904,6,22,6077,4203,3919.00,3074.00,845.00,25.00,16.00,13.00,0.00,0,0,3,7,3,5.00
905,6,23,4543,2272,3919.00,3074.00,845.00,26.00,14.00,8.00,11.68,0,0,3,1,3,7.00
906,6,24,6248,1428,3919.00,3074.00,845.00,28.00,16.00,11.00,0.51,0,1,3,2,3,6.00
907,6,25,7226,1493,3919.00,3074.00,845.00,28.00,16.00,11.00,0.00,0,1,3,3,3,4.00
908,6,26,6816,1253,3919.00,3074.00,845.00,28.00,16.00,11.00,0.25,0,1,3,4,3,7.00
909,6,27,7097,1246,3919.00,3074.00,845.00,26.00,14.00,13.00,5.84,0,1,3,5,3,8.00
910,6,28,4964,1018,3919.00,3074.00,845.00,26.00,13.00,13.00,72.64,0,1,3,6,3,7.00
911,6,29,6205,3796,3919.00,3074.00,845.00,26.00,16.00,11.00,0.00,0,0,3,7,3,4.00
912,6,30,4493,2275,3919.00,3074.00,845.00,28.00,14.00,12.00,7.11,0,0,3,1,3,8.00
913,7,1,6148,1332,3978.00,3074.00,904.00,26.00,14.00,15.00,15.24,0,1,3,2,3,8.00
914,7,2,6222,1255,3978.00,3074.00,904.00,26.00,15.00,20.00,4.32,0,1,3,3,3,9.00
915,7,3,5839,1552,3978.00,3074.00,904.00,27.00,15.00,17.00,3.81,0,1,3,4,3,8.00
916,7,4,5230,4841,3978.00,3074.00,904.00,28.00,16.00,17.00,0.00,1,0,3,5,3,7.00
917,7,5,5449,4537,3978.00,3074.00,904.00,28.00,16.00,17.00,0.00,0,1,3,6,3,6.00
918,7,6,4366,4040,3978.00,3074.00,904.00,29.00,16.00,16.00,0.00,0,0,3,7,3,3.00
919,7,7,4187,2337,3978.00,3074.00,904.00,28.00,16.00,14.00,1.02,0,0,3,1,3,5.00
920,7,8,6357,1264,3978.00,3074.00,904.00,27.00,15.00,10.00,1.02,0,1,3,2,3,7.00
921,7,9,7137,1128,3978.00,3074.00,904.00,27.00,16.00,9.00,0.00,0,1,3,3,3,8.00
922,7,10,6660,1052,3978.00,3074.00,904.00,28.00,15.00,16.00,14.48,0,1,3,4,3,8.00
923,7,11,7043,1320,3978.00,3074.00,904.00,27.00,16.00,11.00,0.00,0,1,3,5,3,9.00
924,7,12,4467,947,3978.00,3074.00,904.00,23.00,12.00,16.00,35.31,0,1,3,6,3,9.00
925,7,13,5736,3020,3978.00,3074.00,904.00,26.00,15.00,7.00,1.78,0,0,3,7,3,8.00
926,7,14,5324,2604,3978.00,3074.00,904.00,28.00,14.00,11.00,0.00,0,0,3,1,3,6.00
927,7,15,6251,1257,3978.00,3074.00,904.00,30.00,16.00,9.00,0.00,0,1,3,2,3,3.00
928,7,16,6699,1232,3978.00,3074.00,904.00,31.00,16.00,11.00,0.00,0,1,3,3,3,5.00
929,7,17,6926,1274,3978.00,3074.00,904.00,32.00,16.00,7.00,0.00,0,1,3,4,3,5.00
930,7,18,6329,1034,3978.00,3074.00,904.00,31.00,14.00,9.00,26.42,0,1,3,5,3,5.00
931,7,19,6086,1442,3978.00,3074.00,904.00,31.00,14.00,15.00,0.00,0,1,3,6,3,4.00
932,7,20,5197,2989,3978.00,3074.00,904.00,31.00,16.00,16.00,0.00,0,0,3,7,3,7.00
933,7,21,5064,2934,3978.00,3074.00,904.00,30.00,16.00,9.00,0.00,0,0,3,1,3,7.00
934,7,22,6716,1498,3978.00,3074.00,904.00,28.00,16.00,10.00,2.54,0,1,3,2,3,8.00
935,7,23,7244,1454,4023.00,3119.00,904.00,28.00,16.00,12.00,0.00,0,1,3,3,3,7.00
936,7,24,7592,1638,4023.00,3119.00,904.00,27.00,16.00,17.00,0.00,0,1,3,4,3,7.00
937,7,25,7746,1820,4023.00,3119.00,904.00,23.00,16.00,16.00,0.00,0,1,3,5,3,7.00
938,7,26,7590,2187,4023.00,3119.00,904.00,24.00,16.00,11.00,0.00,0,1,3,6,3,5.00
939,7,27,4956,3008,4023.00,3119.00,904.00,26.00,15.00,14.00,6.60,0,0,3,7,3,8.00
940,7,28,5022,2706,4023.00,3119.00,904.00,26.00,16.00,12.00,0.00,0,0,3,1,3,7.00
941,7,29,6900,1809,4023.00,3119.00,904.00,24.00,16.00,13.00,0.00,0,1,3,2,3,4.00
942,7,30,7436,1859,4069.00,3165.00,904.00,24.00,16.00,8.00,0.00,0,1,3,3,3,5.00
943,7,31,6796,1409,4069.00,3165.00,904.00,25.00,16.00,10.00,0.00,0,1,3,4,3,9.00
944,8,1,6233,1143,4069.00,3165.00,904.00,25.00,12.00,12.00,10.41,0,1,3,5,3,8.00
945,8,2,7052,2279,4094.00,3190.00,904.00,27.00,16.00,10.00,0.00,0,1,3,6,3,5.00
946,8,3,4902,3167,4094.00,3190.00,904.00,24.00,16.00,8.00,0.76,0,0,3,7,3,9.00
947,8,4,5745,4050,4094.00,3190.00,904.00,24.00,16.00,16.00,0.00,0,0,3,1,3,3.00
948,8,5,7288,2245,4094.00,3190.00,904.00,23.00,16.00,10.00,0.00,0,1,3,2,3,6.00
949,8,6,6500,1489,4109.00,3205.00,904.00,22.00,15.00,12.00,1.78,0,1,3,3,3,9.00
950,8,7,7338,1865,4109.00,3205.00,904.00,26.00,16.00,15.00,0.00,0,1,3,4,3,9.00
951,8,8,6908,1459,4109.00,3205.00,904.00,28.00,16.00,15.00,0.00,0,1,3,5,3,9.00
952,8,9,6922,2063,4109.00,3205.00,904.00,30.00,16.00,18.00,0.00,0,1,3,6,3,8.00
953,8,10,5624,3955,4109.00,3205.00,904.00,27.00,16.00,11.00,0.25,0,0,3,7,3,7.00
954,8,11,5363,3656,4109.00,3205.00,904.00,27.00,16.00,9.00,0.00,0,0,3,1,3,8.00
955,8,12,6933,2058,4109.00,3205.00,904.00,28.00,15.00,9.00,0.00,0,1,3,2,3,6.00
956,8,13,6361,1526,4109.00,3205.00,904.00,27.00,14.00,12.00,11.18,0,1,3,3,3,8.00
957,8,14,7912,1917,4109.00,3205.00,904.00,21.00,16.00,21.00,0.00,0,1,3,4,3,6.00
958,8,15,8039,2094,4109.00,3205.00,904.00,21.00,16.00,10.00,0.00,0,1,3,5,3,4.00
959,8,16,7569,2655,4124.00,3220.00,904.00,22.00,16.00,5.00,0.00,0,1,3,6,3,5.00
960,8,17,5974,4506,4124.00,3220.00,904.00,22.00,16.00,13.00,0.00,0,0,3,7,3,7.00
961,8,18,3829,1681,4124.00,3220.00,904.00,22.00,14.00,10.00,4.83,0,0,3,1,3,9.00
962,8,19,6704,1771,4124.00,3220.00,904.00,21.00,16.00,9.00,0.00,0,1,3,2,3,8.00
963,8,20,7393,1663,4124.00,3220.00,904.00,26.00,16.00,8.00,0.00,0,1,3,3,3,6.00
964,8,21,7035,1559,4124.00,3220.00,904.00,27.00,15.00,11.00,1.78,0,1,3,4,3,8.00
965,8,22,7248,1781,4124.00,3220.00,904.00,28.00,16.00,12.00,0.00,0,1,3,5,3,7.00
966,8,23,6108,1105,4124.00,3220.00,904.00,23.00,15.00,11.00,2.79,0,1,3,6,3,7.00
967,8,24,6713,3540,4124.00,3220.00,904.00,24.00,16.00,11.00,0.00,0,0,3,7,3,3.00
968,8,25,5827,3140,4124.00,3220.00,904.00,23.00,16.00,9.00,0.00,0,0,3,1,3,5.00
969,8,26,7104,1613,4124.00,3220.00,904.00,25.00,16.00,13.00,0.00,0,1,3,2,3,5.00
970,8,27,7535,1465,4136.00,3220.00,916.00,29.00,15.00,13.00,0.00,0,1,3,3,3,7.00
971,8,28,6347,954,4136.00,3220.00,916.00,26.00,13.00,9.00,0.25,0,1,3,4,3,9.00
972,8,29,7245,1586,4162.00,3220.00,942.00,27.00,12.00,13.00,0.00,0,1,3,5,3,7.00
973,8,30,6945,2228,4162.00,3220.00,942.00,27.00,14.00,15.00,0.00,0,1,3,6,3,5.00
974,8,31,4769,4175,4162.00,3220.00,942.00,28.00,16.00,16.00,0.00,0,0,3,7,3,6.00
975,9,1,4311,4508,4162.00,3220.00,942.00,28.00,16.00,11.00,0.25,0,0,3,1,4,6.00
976,9,2,4601,2993,4162.00,3220.00,942.00,28.00,16.00,9.00,2.79,1,0,3,2,4,7.00
977,9,3,7048,1308,4162.00,3220.00,942.00,26.00,16.00,17.00,0.00,0,1,3,3,4,5.00
978,9,4,7718,1451,4162.00,3220.00,942.00,24.00,16.00,13.00,0.00,0,1,3,4,4,2.00
979,9,5,7832,1488,4162.00,3220.00,942.00,26.00,16.00,14.00,0.00,0,1,3,5,4,3.00
980,9,6,7847,1706,4162.00,3220.00,942.00,21.00,16.00,11.00,0.00,0,1,3,6,4,3.00
981,9,7,6535,3003,4162.00,3220.00,942.00,22.00,16.00,12.00,0.00,0,0,3,7,4,5.00
982,9,8,6128,2832,4162.00,3220.00,942.00,27.00,16.00,12.00,0.00,0,0,3,1,4,6.00
983,9,9,7231,1309,4162.00,3220.00,942.00,23.00,16.00,12.00,0.00,0,1,3,2,4,8.00
984,9,10,7572,1365,4162.00,3220.00,942.00,28.00,16.00,15.00,0.00,0,1,3,3,4,7.00
985,9,11,7409,1194,4162.00,3220.00,942.00,29.00,14.00,13.00,0.00,0,1,3,4,4,4.00
986,9,12,5737,899,4162.00,3220.00,942.00,28.00,15.00,12.00,4.57,0,1,3,5,4,6.00
987,9,13,7832,1530,4162.00,3220.00,942.00,22.00,16.00,19.00,0.00,0,1,3,6,4,6.00
988,9,14,6876,3716,4162.00,3220.00,942.00,18.00,16.00,15.00,0.00,0,0,3,7,4,3.00
989,9,15,6249,2958,4162.00,3220.00,942.00,19.00,16.00,9.00,0.00,0,0,3,1,4,6.00
990,9,16,6776,1053,4162.00,3220.00,942.00,21.00,15.00,14.00,1.27,0,1,3,2,4,7.00
991,9,17,8089,1201,4162.00,3220.00,942.00,17.00,16.00,14.00,0.00,0,1,3,3,4,2.00
992,9,18,8181,1220,4162.00,3220.00,942.00,17.00,16.00,7.00,0.00,0,1,3,4,4,4.00
993,9,19,8220,1581,4162.00,3220.00,942.00,19.00,16.00,10.00,0.00,0,1,3,5,4,3.00
994,9,20,8149,1838,4162.00,3220.00,942.00,22.00,16.00,12.00,0.00,0,1,3,6,4,3.00
995,9,21,4486,2066,4162.00,3220.00,942.00,22.00,11.00,17.00,22.10,0,0,3,7,4,9.00
996,9,22,6258,2599,4162.00,3220.00,942.00,19.00,16.00,17.00,0.00,0,0,3,1,4,6.00
997,9,23,7266,1212,4162.00,3220.00,942.00,17.00,16.00,15.00,0.00,0,1,3,2,4,4.00
998,9,24,7879,1085,4162.00,3220.00,942.00,17.00,16.00,10.00,0.00,0,1,3,3,4,1.00
999,9,25,7879,1089,4162.00,3220.00,942.00,19.00,16.00,6.00,0.00,0,1,3,4,4,7.00
1000,9,26,8034,1206,4162.00,3220.00,942.00,20.00,16.00,7.00,0.00,0,1,3,5,4,6.00
1001,9,27,7768,1561,4378.00,3220.00,1158.00,19.00,16.00,6.00,0.00,0,1,3,6,4,7.00
1002,9,28,6191,3313,4378.00,3220.00,1158.00,19.00,16.00,7.00,0.00,0,0,3,7,4,6.00
1003,9,29,5859,2892,4378.00,3220.00,1158.00,19.00,16.00,6.00,0.00,0,0,3,1,4,5.00
1004,9,30,7250,1277,4378.00,3220.00,1158.00,19.00,16.00,6.00,0.00,0,1,3,2,4,5.00
1005,10,1,8374,1254,4378.00,3220.00,1158.00,22.00,16.00,8.00,0.00,0,1,3,3,4,5.00
1006,10,2,8472,1209,4412.00,3254.00,1158.00,24.00,16.00,9.00,0.00,0,1,3,4,4,2.00
1007,10,3,8300,1144,4412.00,3254.00,1158.00,24.00,16.00,7.00,0.00,0,1,3,5,4,7.00
1008,10,4,8004,1566,4412.00,3254.00,1158.00,26.00,14.00,5.00,0.00,0,1,3,6,4,3.00
1009,10,5,6708,3162,4412.00,3254.00,1158.00,26.00,15.00,7.00,0.00,0,0,3,7,4,5.00
1010,10,6,6376,2754,4412.00,3254.00,1158.00,27.00,16.00,14.00,0.00,0,0,3,1,4,5.00
1011,10,7,5116,404,4412.00,3254.00,1158.00,20.00,11.00,20.00,28.70,0,1,3,2,4,8.00
1012,10,8,8097,1218,4412.00,3254.00,1158.00,17.00,16.00,13.00,0.00,0,1,3,3,4,8.00
1013,10,9,5260,710,4446.00,3288.00,1158.00,16.00,16.00,20.00,3.30,0,1,3,4,4,9.00
1014,10,10,2232,173,4446.00,3288.00,1158.00,14.00,8.00,22.00,45.21,0,1,3,5,4,9.00
1015,10,11,1581,116,4446.00,3288.00,1158.00,17.00,7.00,18.00,70.10,0,1,3,6,4,9.00
1016,10,12,3708,1233,4446.00,3288.00,1158.00,19.00,11.00,18.00,7.37,0,0,3,7,4,9.00
1017,10,13,4186,1442,4446.00,3288.00,1158.00,17.00,16.00,17.00,0.76,0,0,3,1,4,9.00
1018,10,14,6619,1708,4446.00,3288.00,1158.00,18.00,16.00,11.00,0.00,1,0,3,2,4,6.00
1019,10,15,7741,969,4446.00,3288.00,1158.00,18.00,15.00,6.00,0.00,0,1,3,3,4,6.00
1020,10,16,8039,1062,4446.00,3288.00,1158.00,20.00,16.00,8.00,0.00,0,1,3,4,4,9.00
1021,10,17,7900,1001,4446.00,3288.00,1158.00,21.00,16.00,12.00,0.00,0,1,3,5,4,8.00
1022,10,18,7930,1787,4506.00,3288.00,1218.00,16.00,16.00,11.00,0.00,0,1,3,6,4,4.00
1023,10,19,5796,3058,4552.00,3288.00,1264.00,16.00,16.00,11.00,0.00,0,0,3,7,4,8.00
1024,10,20,5659,2358,4552.00,3288.00,1264.00,14.00,16.00,14.00,0.00,0,0,3,1,4,1.00
1025,10,21,7161,1274,4552.00,3288.00,1264.00,14.00,16.00,11.00,0.00,0,1,3,2,4,3.00
1026,10,22,7715,681,4552.00,3288.00,1264.00,16.00,16.00,12.00,0.00,0,1,3,3,4,8.00
1027,10,23,6851,569,4552.00,3288.00,1264.00,12.00,16.00,13.00,1.78,0,1,3,4,4,7.00
1028,10,24,6830,554,4552.00,3288.00,1264.00,9.00,16.00,14.00,0.00,0,1,3,5,4,4.00
1029,10,25,6558,853,4589.00,3288.00,1301.00,9.00,16.00,14.00,0.00,0,1,3,6,4,2.00
1030,10,26,5391,2098,4653.00,3288.00,1365.00,8.00,16.00,16.00,0.00,0,0,3,7,4,3.00
1031,10,27,5216,2205,4653.00,3288.00,1365.00,12.00,16.00,9.00,0.00,0,0,3,1,4,4.00
1032,10,28,6885,1107,4653.00,3288.00,1365.00,13.00,16.00,5.00,0.00,0,1,3,2,4,6.00
1033,10,29,7562,926,4709.00,3288.00,1421.00,13.00,16.00,4.00,0.00,0,1,3,3,4,4.00
1034,10,30,6831,769,4765.00,3288.00,1477.00,15.00,14.00,6.00,1.52,0,1,3,4,4,8.00
1035,10,31,7166,685,4765.00,3288.00,1477.00,17.00,12.00,13.00,0.00,0,1,3,5,4,9.00
1036,11,1,6694,866,4813.00,3288.00,1525.00,19.00,14.00,17.00,3.56,0,1,3,6,4,7.00
1037,11,2,6157,2683,4813.00,3288.00,1525.00,17.00,16.00,11.00,0.00,0,0,3,7,4,6.00
1038,11,3,5191,1998,4813.00,3288.00,1525.00,11.00,16.00,18.00,0.00,0,0,3,1,4,3.00
1039,11,4,5950,532,4813.00,3288.00,1525.00,6.00,16.00,12.00,0.00,0,1,3,2,4,6.00
1040,11,5,6940,631,4851.00,3326.00,1525.00,10.00,16.00,3.00,0.00,0,1,3,3,4,9.00
1041,11,6,7486,754,4851.00,3326.00,1525.00,16.00,16.00,12.00,0.00,0,1,3,4,4,7.00
1042,11,7,7015,473,4851.00,3326.00,1525.00,13.00,16.00,21.00,0.25,0,1,3,5,4,7.00
1043,11,8,6371,698,4894.00,3369.00,1525.00,7.00,16.00,15.00,0.00,0,1,3,6,4,3.00
1044,11,9,5118,2091,4894.00,3369.00,1525.00,7.00,16.00,14.00,0.00,0,0,3,7,4,4.00
1045,11,10,4861,1968,4894.00,3369.00,1525.00,12.00,16.00,17.00,0.00,0,0,3,1,4,2.00
1046,11,11,5837,894,4894.00,3369.00,1525.00,9.00,16.00,14.00,0.00,1,0,3,2,4,6.00
1047,11,12,5488,245,4894.00,3369.00,1525.00,7.00,16.00,21.00,0.00,0,1,3,3,4,8.00
1048,11,13,5877,263,4932.00,3369.00,1563.00,4.00,16.00,15.00,0.00,0,1,3,4,4,3.00
1049,11,14,6501,358,4932.00,3369.00,1563.00,6.00,16.00,8.00,0.00,0,1,3,5,4,3.00
1050,11,15,6496,759,4958.00,3369.00,1589.00,9.00,16.00,5.00,2.03,0,1,3,6,4,8.00
1051,11,16,4982,1470,4958.00,3369.00,1589.00,11.00,7.00,3.00,8.64,0,0,3,7,4,9.00
1052,11,17,5145,1362,4958.00,3369.00,1589.00,15.00,11.00,11.00,0.00,0,0,3,1,4,9.00
1053,11,18,7073,672,4958.00,3369.00,1589.00,17.00,15.00,20.00,3.81,0,1,3,2,4,5.00
1054,11,19,6613,394,4958.00,3369.00,1589.00,8.00,16.00,25.00,0.00,0,1,3,3,4,5.00
1055,11,20,6456,410,4958.00,3369.00,1589.00,6.00,16.00,14.00,0.00,0,1,3,4,4,7.00
1056,11,21,6599,450,4958.00,3369.00,1589.00,7.00,16.00,5.00,0.00,0,1,3,5,4,7.00
1057,11,22,6935,678,4958.00,3369.00,1589.00,13.00,16.00,8.00,0.00,0,1,3,6,4,9.00
1058,11,23,4578,1197,4958.00,3369.00,1589.00,8.00,16.00,26.00,0.00,0,0,3,7,4,6.00
1059,11,24,2710,360,4958.00,3369.00,1589.00,-1.00,16.00,24.00,0.00,0,0,3,1,4,3.00
1060,11,25,4678,303,4958.00,3369.00,1589.00,-1.00,16.00,14.00,0.00,0,1,3,2,4,6.00
1061,11,26,1726,50,4958.00,3369.00,1589.00,6.00,9.00,11.00,37.08,0,1,3,3,4,9.00
1062,11,27,2080,39,4958.00,3369.00,1589.00,3.00,13.00,23.00,18.80,0,1,3,4,4,9.00
1063,11,28,1116,366,4958.00,3369.00,1589.00,1.00,16.00,13.00,0.00,1,0,3,5,4,4.00
1064,11,29,2059,699,4958.00,3369.00,1589.00,3.00,16.00,14.00,0.00,0,1,3,6,4,2.00
1065,11,30,2085,760,4958.00,3369.00,1589.00,1.00,16.00,5.00,0.00,0,0,3,7,4,7.00
1066,12,1,2854,636,4958.00,3369.00,1589.00,4.00,15.00,4.00,0.00,0,0,3,1,1,6.00
1067,12,2,5655,269,4958.00,3369.00,1589.00,8.00,15.00,5.00,0.00,0,1,3,2,1,9.00
1068,12,3,6576,392,4958.00,3369.00,1589.00,9.00,15.00,3.00,0.00,0,1,3,3,1,6.00
1069,12,4,6675,411,4958.00,3369.00,1589.00,9.00,14.00,2.00,0.00,0,1,3,4,1,9.00
1070,12,5,7112,547,4958.00,3369.00,1589.00,15.00,13.00,13.00,0.00,0,1,3,5,1,9.00
1071,12,6,2660,138,4958.00,3369.00,1589.00,12.00,9.00,19.00,16.00,0,1,3,6,1,9.00
1072,12,7,3989,554,4958.00,3369.00,1589.00,4.00,15.00,20.00,4.06,0,0,3,7,1,8.00
1073,12,8,1209,87,4958.00,3369.00,1589.00,0.00,8.00,14.00,20.83,0,0,3,1,1,9.00
1074,12,9,3229,66,4958.00,3369.00,1589.00,2.00,10.00,6.00,17.53,0,1,3,2,1,9.00
1075,12,10,2514,96,4958.00,3369.00,1589.00,2.00,8.00,7.00,8.89,0,1,3,3,1,8.00
1076,12,11,4989,215,4980.00,3380.00,1600.00,1.00,16.00,5.00,0.00,0,1,3,4,1,3.00
1077,12,12,4621,148,4980.00,3380.00,1600.00,-1.00,16.00,15.00,0.00,0,1,3,5,1,3.00
1078,12,13,5092,238,5014.00,3395.00,1619.00,2.00,16.00,9.00,0.00,0,1,3,6,1,6.00
1079,12,14,2427,243,5014.00,3395.00,1619.00,3.00,12.00,12.00,11.68,0,0,3,7,1,9.00
1080,12,15,3558,516,5014.00,3395.00,1619.00,6.00,16.00,16.00,0.00,0,0,3,1,1,7.00
1081,12,16,5050,234,5014.00,3395.00,1619.00,2.00,16.00,11.00,0.00,0,1,3,2,1,9.00
1082,12,17,4839,193,5040.00,3395.00,1645.00,3.00,13.00,7.00,0.51,0,1,3,3,1,9.00
1083,12,18,5182,282,5040.00,3395.00,1645.00,3.00,14.00,11.00,1.0e-03,0,1,3,4,1,5.00
1084,12,19,5814,471,5040.00,3395.00,1645.00,8.00,16.00,12.00,0.00,0,1,3,5,1,7.00
1085,12,20,5575,563,5040.00,3395.00,1645.00,11.00,16.00,14.00,0.00,0,1,3,6,1,9.00
1086,12,21,4333,1730,5040.00,3395.00,1645.00,17.00,16.00,21.00,0.00,0,0,3,7,1,7.00
1087,12,22,2043,639,5040.00,3395.00,1645.00,18.00,14.00,22.00,6.10,0,0,3,1,1,8.00
1088,12,23,1754,153,5040.00,3395.00,1645.00,12.00,11.00,19.00,21.59,0,1,3,2,1,9.00
1089,12,24,1930,251,5040.00,3395.00,1645.00,2.00,16.00,24.00,1.0e-03,0,1,3,3,1,5.00
1090,12,25,608,340,5040.00,3395.00,1645.00,-2.00,16.00,11.00,0.00,1,0,3,4,1,2.00
1091,12,26,1914,409,5040.00,3395.00,1645.00,2.00,16.00,9.00,0.00,0,1,3,5,1,3.00
1092,12,27,2621,781,5040.00,3395.00,1645.00,4.00,16.00,9.00,0.00,0,1,3,6,1,2.00
1093,12,28,2353,1858,5040.00,3395.00,1645.00,7.00,16.00,11.00,0.00,0,0,3,7,1,5.00
1094,12,29,1086,276,5040.00,3395.00,1645.00,8.00,11.00,10.00,33.27,0,0,3,1,1,8.00
1095,12,30,3443,655,5040.00,3395.00,1645.00,6.00,16.00,14.00,0.00,0,1,3,2,1,8.00
1096,12,31,3375,515,5040.00,3395.00,1645.00,4.00,16.00,18.00,0.00,0,1,3,3,1,5.00
